Chr	Start	End	density
chr1A_TA877	0	10000000	170
chr1A_TA877	10000000	20000000	264
chr1A_TA877	20000000	30000000	138
chr1A_TA877	30000000	40000000	115
chr1A_TA877	40000000	50000000	106
chr1A_TA877	50000000	60000000	105
chr1A_TA877	60000000	70000000	119
chr1A_TA877	70000000	80000000	76
chr1A_TA877	80000000	90000000	92
chr1A_TA877	90000000	100000000	68
chr1A_TA877	100000000	110000000	59
chr1A_TA877	110000000	120000000	70
chr1A_TA877	120000000	130000000	48
chr1A_TA877	130000000	140000000	58
chr1A_TA877	140000000	150000000	21
chr1A_TA877	150000000	160000000	20
chr1A_TA877	160000000	170000000	25
chr1A_TA877	170000000	180000000	50
chr1A_TA877	180000000	190000000	47
chr1A_TA877	190000000	200000000	21
chr1A_TA877	200000000	210000000	25
chr1A_TA877	210000000	220000000	28
chr1A_TA877	220000000	230000000	11
chr1A_TA877	230000000	240000000	29
chr1A_TA877	240000000	250000000	52
chr1A_TA877	250000000	260000000	71
chr1A_TA877	260000000	270000000	64
chr1A_TA877	270000000	280000000	39
chr1A_TA877	280000000	290000000	50
chr1A_TA877	290000000	300000000	77
chr1A_TA877	300000000	310000000	82
chr1A_TA877	310000000	320000000	47
chr1A_TA877	320000000	330000000	61
chr1A_TA877	330000000	340000000	62
chr1A_TA877	340000000	350000000	62
chr1A_TA877	350000000	360000000	80
chr1A_TA877	360000000	370000000	99
chr1A_TA877	370000000	380000000	68
chr1A_TA877	380000000	390000000	73
chr1A_TA877	390000000	400000000	74
chr1A_TA877	400000000	410000000	75
chr1A_TA877	410000000	420000000	51
chr1A_TA877	420000000	430000000	69
chr1A_TA877	430000000	440000000	71
chr1A_TA877	440000000	450000000	103
chr1A_TA877	450000000	460000000	78
chr1A_TA877	460000000	470000000	116
chr1A_TA877	470000000	480000000	91
chr1A_TA877	480000000	490000000	113
chr1A_TA877	490000000	500000000	122
chr1A_TA877	500000000	510000000	135
chr1A_TA877	510000000	520000000	149
chr1A_TA877	520000000	530000000	132
chr1A_TA877	530000000	540000000	192
chr1A_TA877	540000000	550000000	173
chr1A_TA877	550000000	560000000	209
chr1A_TA877	560000000	570000000	165
chr1A_TA877	570000000	580000000	161
chr1A_TA877	580000000	590000000	186
chr1A_TA877	590000000	600000000	138
chr1A_TA877	600000000	602656826	35
chr2A_TA877	0	10000000	230
chr2A_TA877	10000000	20000000	221
chr2A_TA877	20000000	30000000	211
chr2A_TA877	30000000	40000000	130
chr2A_TA877	40000000	50000000	195
chr2A_TA877	50000000	60000000	163
chr2A_TA877	60000000	70000000	112
chr2A_TA877	70000000	80000000	162
chr2A_TA877	80000000	90000000	134
chr2A_TA877	90000000	100000000	136
chr2A_TA877	100000000	110000000	89
chr2A_TA877	110000000	120000000	99
chr2A_TA877	120000000	130000000	85
chr2A_TA877	130000000	140000000	48
chr2A_TA877	140000000	150000000	87
chr2A_TA877	150000000	160000000	67
chr2A_TA877	160000000	170000000	67
chr2A_TA877	170000000	180000000	75
chr2A_TA877	180000000	190000000	53
chr2A_TA877	190000000	200000000	46
chr2A_TA877	200000000	210000000	82
chr2A_TA877	210000000	220000000	104
chr2A_TA877	220000000	230000000	43
chr2A_TA877	230000000	240000000	41
chr2A_TA877	240000000	250000000	28
chr2A_TA877	250000000	260000000	27
chr2A_TA877	260000000	270000000	32
chr2A_TA877	270000000	280000000	26
chr2A_TA877	280000000	290000000	28
chr2A_TA877	290000000	300000000	26
chr2A_TA877	300000000	310000000	25
chr2A_TA877	310000000	320000000	18
chr2A_TA877	320000000	330000000	29
chr2A_TA877	330000000	340000000	42
chr2A_TA877	340000000	350000000	16
chr2A_TA877	350000000	360000000	17
chr2A_TA877	360000000	370000000	34
chr2A_TA877	370000000	380000000	39
chr2A_TA877	380000000	390000000	42
chr2A_TA877	390000000	400000000	54
chr2A_TA877	400000000	410000000	61
chr2A_TA877	410000000	420000000	53
chr2A_TA877	420000000	430000000	39
chr2A_TA877	430000000	440000000	44
chr2A_TA877	440000000	450000000	42
chr2A_TA877	450000000	460000000	54
chr2A_TA877	460000000	470000000	54
chr2A_TA877	470000000	480000000	61
chr2A_TA877	480000000	490000000	32
chr2A_TA877	490000000	500000000	45
chr2A_TA877	500000000	510000000	70
chr2A_TA877	510000000	520000000	71
chr2A_TA877	520000000	530000000	60
chr2A_TA877	530000000	540000000	76
chr2A_TA877	540000000	550000000	81
chr2A_TA877	550000000	560000000	92
chr2A_TA877	560000000	570000000	91
chr2A_TA877	570000000	580000000	98
chr2A_TA877	580000000	590000000	87
chr2A_TA877	590000000	600000000	68
chr2A_TA877	600000000	610000000	132
chr2A_TA877	610000000	620000000	102
chr2A_TA877	620000000	630000000	89
chr2A_TA877	630000000	640000000	69
chr2A_TA877	640000000	650000000	88
chr2A_TA877	650000000	660000000	82
chr2A_TA877	660000000	670000000	134
chr2A_TA877	670000000	680000000	152
chr2A_TA877	680000000	690000000	149
chr2A_TA877	690000000	700000000	120
chr2A_TA877	700000000	710000000	174
chr2A_TA877	710000000	720000000	217
chr2A_TA877	720000000	730000000	161
chr2A_TA877	730000000	740000000	156
chr2A_TA877	740000000	750000000	210
chr2A_TA877	750000000	760000000	196
chr2A_TA877	760000000	770000000	207
chr2A_TA877	770000000	771401179	36
chr3A_TA877	0	10000000	285
chr3A_TA877	10000000	20000000	242
chr3A_TA877	20000000	30000000	137
chr3A_TA877	30000000	40000000	180
chr3A_TA877	40000000	50000000	198
chr3A_TA877	50000000	60000000	170
chr3A_TA877	60000000	70000000	74
chr3A_TA877	70000000	80000000	85
chr3A_TA877	80000000	90000000	57
chr3A_TA877	90000000	100000000	83
chr3A_TA877	100000000	110000000	91
chr3A_TA877	110000000	120000000	93
chr3A_TA877	120000000	130000000	74
chr3A_TA877	130000000	140000000	57
chr3A_TA877	140000000	150000000	61
chr3A_TA877	150000000	160000000	50
chr3A_TA877	160000000	170000000	56
chr3A_TA877	170000000	180000000	72
chr3A_TA877	180000000	190000000	29
chr3A_TA877	190000000	200000000	56
chr3A_TA877	200000000	210000000	68
chr3A_TA877	210000000	220000000	48
chr3A_TA877	220000000	230000000	34
chr3A_TA877	230000000	240000000	30
chr3A_TA877	240000000	250000000	21
chr3A_TA877	250000000	260000000	16
chr3A_TA877	260000000	270000000	24
chr3A_TA877	270000000	280000000	39
chr3A_TA877	280000000	290000000	16
chr3A_TA877	290000000	300000000	25
chr3A_TA877	300000000	310000000	27
chr3A_TA877	310000000	320000000	8
chr3A_TA877	320000000	330000000	32
chr3A_TA877	330000000	340000000	27
chr3A_TA877	340000000	350000000	27
chr3A_TA877	350000000	360000000	30
chr3A_TA877	360000000	370000000	49
chr3A_TA877	370000000	380000000	42
chr3A_TA877	380000000	390000000	45
chr3A_TA877	390000000	400000000	54
chr3A_TA877	400000000	410000000	36
chr3A_TA877	410000000	420000000	35
chr3A_TA877	420000000	430000000	62
chr3A_TA877	430000000	440000000	62
chr3A_TA877	440000000	450000000	48
chr3A_TA877	450000000	460000000	59
chr3A_TA877	460000000	470000000	77
chr3A_TA877	470000000	480000000	93
chr3A_TA877	480000000	490000000	69
chr3A_TA877	490000000	500000000	65
chr3A_TA877	500000000	510000000	106
chr3A_TA877	510000000	520000000	78
chr3A_TA877	520000000	530000000	62
chr3A_TA877	530000000	540000000	97
chr3A_TA877	540000000	550000000	67
chr3A_TA877	550000000	560000000	99
chr3A_TA877	560000000	570000000	86
chr3A_TA877	570000000	580000000	81
chr3A_TA877	580000000	590000000	114
chr3A_TA877	590000000	600000000	103
chr3A_TA877	600000000	610000000	83
chr3A_TA877	610000000	620000000	119
chr3A_TA877	620000000	630000000	118
chr3A_TA877	630000000	640000000	116
chr3A_TA877	640000000	650000000	139
chr3A_TA877	650000000	660000000	87
chr3A_TA877	660000000	670000000	106
chr3A_TA877	670000000	675871483	78
chr4A_TA877	0	10000000	197
chr4A_TA877	10000000	20000000	185
chr4A_TA877	20000000	30000000	129
chr4A_TA877	30000000	40000000	98
chr4A_TA877	40000000	50000000	106
chr4A_TA877	50000000	60000000	94
chr4A_TA877	60000000	70000000	116
chr4A_TA877	70000000	80000000	73
chr4A_TA877	80000000	90000000	62
chr4A_TA877	90000000	100000000	65
chr4A_TA877	100000000	110000000	55
chr4A_TA877	110000000	120000000	91
chr4A_TA877	120000000	130000000	70
chr4A_TA877	130000000	140000000	88
chr4A_TA877	140000000	150000000	65
chr4A_TA877	150000000	160000000	39
chr4A_TA877	160000000	170000000	44
chr4A_TA877	170000000	180000000	68
chr4A_TA877	180000000	190000000	37
chr4A_TA877	190000000	200000000	8
chr4A_TA877	200000000	210000000	15
chr4A_TA877	210000000	220000000	14
chr4A_TA877	220000000	230000000	20
chr4A_TA877	230000000	240000000	22
chr4A_TA877	240000000	250000000	32
chr4A_TA877	250000000	260000000	20
chr4A_TA877	260000000	270000000	25
chr4A_TA877	270000000	280000000	15
chr4A_TA877	280000000	290000000	14
chr4A_TA877	290000000	300000000	25
chr4A_TA877	300000000	310000000	21
chr4A_TA877	310000000	320000000	30
chr4A_TA877	320000000	330000000	23
chr4A_TA877	330000000	340000000	24
chr4A_TA877	340000000	350000000	31
chr4A_TA877	350000000	360000000	30
chr4A_TA877	360000000	370000000	32
chr4A_TA877	370000000	380000000	28
chr4A_TA877	380000000	390000000	31
chr4A_TA877	390000000	400000000	33
chr4A_TA877	400000000	410000000	36
chr4A_TA877	410000000	420000000	46
chr4A_TA877	420000000	430000000	43
chr4A_TA877	430000000	440000000	41
chr4A_TA877	440000000	450000000	64
chr4A_TA877	450000000	460000000	78
chr4A_TA877	460000000	470000000	46
chr4A_TA877	470000000	480000000	73
chr4A_TA877	480000000	490000000	63
chr4A_TA877	490000000	500000000	86
chr4A_TA877	500000000	510000000	78
chr4A_TA877	510000000	520000000	70
chr4A_TA877	520000000	530000000	80
chr4A_TA877	530000000	540000000	81
chr4A_TA877	540000000	550000000	92
chr4A_TA877	550000000	560000000	122
chr4A_TA877	560000000	570000000	123
chr4A_TA877	570000000	580000000	124
chr4A_TA877	580000000	590000000	179
chr4A_TA877	590000000	600000000	146
chr4A_TA877	600000000	610000000	129
chr4A_TA877	610000000	620000000	152
chr4A_TA877	620000000	630000000	215
chr4A_TA877	630000000	640000000	183
chr4A_TA877	640000000	650000000	119
chr4A_TA877	650000000	660000000	138
chr4A_TA877	660000000	670000000	180
chr4A_TA877	670000000	680000000	140
chr4A_TA877	680000000	690000000	249
chr4A_TA877	690000000	700000000	196
chr4A_TA877	700000000	710000000	171
chr4A_TA877	710000000	720000000	169
chr4A_TA877	720000000	730000000	152
chr4A_TA877	730000000	740000000	170
chr4A_TA877	740000000	750000000	167
chr4A_TA877	750000000	760000000	193
chr4A_TA877	760000000	770000000	180
chr4A_TA877	770000000	773897100	55
chr5A_TA877	0	10000000	181
chr5A_TA877	10000000	20000000	95
chr5A_TA877	20000000	30000000	97
chr5A_TA877	30000000	40000000	123
chr5A_TA877	40000000	50000000	133
chr5A_TA877	50000000	60000000	88
chr5A_TA877	60000000	70000000	87
chr5A_TA877	70000000	80000000	68
chr5A_TA877	80000000	90000000	44
chr5A_TA877	90000000	100000000	49
chr5A_TA877	100000000	110000000	57
chr5A_TA877	110000000	120000000	67
chr5A_TA877	120000000	130000000	60
chr5A_TA877	130000000	140000000	54
chr5A_TA877	140000000	150000000	45
chr5A_TA877	150000000	160000000	67
chr5A_TA877	160000000	170000000	28
chr5A_TA877	170000000	180000000	37
chr5A_TA877	180000000	190000000	29
chr5A_TA877	190000000	200000000	23
chr5A_TA877	200000000	210000000	30
chr5A_TA877	210000000	220000000	36
chr5A_TA877	220000000	230000000	31
chr5A_TA877	230000000	240000000	5
chr5A_TA877	240000000	250000000	38
chr5A_TA877	250000000	260000000	44
chr5A_TA877	260000000	270000000	70
chr5A_TA877	270000000	280000000	39
chr5A_TA877	280000000	290000000	56
chr5A_TA877	290000000	300000000	59
chr5A_TA877	300000000	310000000	79
chr5A_TA877	310000000	320000000	86
chr5A_TA877	320000000	330000000	73
chr5A_TA877	330000000	340000000	65
chr5A_TA877	340000000	350000000	60
chr5A_TA877	350000000	360000000	75
chr5A_TA877	360000000	370000000	83
chr5A_TA877	370000000	380000000	82
chr5A_TA877	380000000	390000000	101
chr5A_TA877	390000000	400000000	69
chr5A_TA877	400000000	410000000	75
chr5A_TA877	410000000	420000000	84
chr5A_TA877	420000000	430000000	100
chr5A_TA877	430000000	440000000	93
chr5A_TA877	440000000	450000000	127
chr5A_TA877	450000000	460000000	91
chr5A_TA877	460000000	470000000	167
chr5A_TA877	470000000	480000000	121
chr5A_TA877	480000000	490000000	185
chr5A_TA877	490000000	500000000	87
chr5A_TA877	500000000	510000000	122
chr5A_TA877	510000000	520000000	141
chr5A_TA877	520000000	530000000	133
chr5A_TA877	530000000	540000000	166
chr5A_TA877	540000000	550000000	133
chr5A_TA877	550000000	560000000	156
chr5A_TA877	560000000	570000000	128
chr5A_TA877	570000000	580000000	177
chr5A_TA877	580000000	590000000	137
chr5A_TA877	590000000	600000000	160
chr5A_TA877	600000000	610000000	155
chr5A_TA877	610000000	620000000	117
chr5A_TA877	620000000	630000000	176
chr5A_TA877	630000000	640000000	143
chr5A_TA877	640000000	650000000	158
chr5A_TA877	650000000	660000000	173
chr5A_TA877	660000000	670000000	125
chr5A_TA877	670000000	680000000	170
chr5A_TA877	680000000	690000000	198
chr5A_TA877	690000000	691724660	11
chr6A_TA877	0	10000000	152
chr6A_TA877	10000000	20000000	210
chr6A_TA877	20000000	30000000	148
chr6A_TA877	30000000	40000000	125
chr6A_TA877	40000000	50000000	78
chr6A_TA877	50000000	60000000	104
chr6A_TA877	60000000	70000000	102
chr6A_TA877	70000000	80000000	20
chr6A_TA877	80000000	90000000	65
chr6A_TA877	90000000	100000000	83
chr6A_TA877	100000000	110000000	70
chr6A_TA877	110000000	120000000	108
chr6A_TA877	120000000	130000000	73
chr6A_TA877	130000000	140000000	56
chr6A_TA877	140000000	150000000	50
chr6A_TA877	150000000	160000000	72
chr6A_TA877	160000000	170000000	63
chr6A_TA877	170000000	180000000	36
chr6A_TA877	180000000	190000000	38
chr6A_TA877	190000000	200000000	54
chr6A_TA877	200000000	210000000	18
chr6A_TA877	210000000	220000000	22
chr6A_TA877	220000000	230000000	24
chr6A_TA877	230000000	240000000	26
chr6A_TA877	240000000	250000000	18
chr6A_TA877	250000000	260000000	12
chr6A_TA877	260000000	270000000	9
chr6A_TA877	270000000	280000000	17
chr6A_TA877	280000000	290000000	31
chr6A_TA877	290000000	300000000	17
chr6A_TA877	300000000	310000000	22
chr6A_TA877	310000000	320000000	18
chr6A_TA877	320000000	330000000	20
chr6A_TA877	330000000	340000000	19
chr6A_TA877	340000000	350000000	28
chr6A_TA877	350000000	360000000	36
chr6A_TA877	360000000	370000000	45
chr6A_TA877	370000000	380000000	43
chr6A_TA877	380000000	390000000	43
chr6A_TA877	390000000	400000000	64
chr6A_TA877	400000000	410000000	53
chr6A_TA877	410000000	420000000	62
chr6A_TA877	420000000	430000000	72
chr6A_TA877	430000000	440000000	94
chr6A_TA877	440000000	450000000	53
chr6A_TA877	450000000	460000000	47
chr6A_TA877	460000000	470000000	75
chr6A_TA877	470000000	480000000	101
chr6A_TA877	480000000	490000000	81
chr6A_TA877	490000000	500000000	91
chr6A_TA877	500000000	510000000	107
chr6A_TA877	510000000	520000000	79
chr6A_TA877	520000000	530000000	90
chr6A_TA877	530000000	540000000	179
chr6A_TA877	540000000	550000000	122
chr6A_TA877	550000000	560000000	126
chr6A_TA877	560000000	570000000	161
chr6A_TA877	570000000	580000000	241
chr6A_TA877	580000000	590000000	256
chr6A_TA877	590000000	595162121	97
chr7A_TA877	0	10000000	243
chr7A_TA877	10000000	20000000	192
chr7A_TA877	20000000	30000000	208
chr7A_TA877	30000000	40000000	177
chr7A_TA877	40000000	50000000	150
chr7A_TA877	50000000	60000000	171
chr7A_TA877	60000000	70000000	169
chr7A_TA877	70000000	80000000	154
chr7A_TA877	80000000	90000000	162
chr7A_TA877	90000000	100000000	144
chr7A_TA877	100000000	110000000	100
chr7A_TA877	110000000	120000000	97
chr7A_TA877	120000000	130000000	127
chr7A_TA877	130000000	140000000	103
chr7A_TA877	140000000	150000000	90
chr7A_TA877	150000000	160000000	90
chr7A_TA877	160000000	170000000	112
chr7A_TA877	170000000	180000000	81
chr7A_TA877	180000000	190000000	74
chr7A_TA877	190000000	200000000	85
chr7A_TA877	200000000	210000000	80
chr7A_TA877	210000000	220000000	83
chr7A_TA877	220000000	230000000	53
chr7A_TA877	230000000	240000000	63
chr7A_TA877	240000000	250000000	62
chr7A_TA877	250000000	260000000	46
chr7A_TA877	260000000	270000000	55
chr7A_TA877	270000000	280000000	46
chr7A_TA877	280000000	290000000	65
chr7A_TA877	290000000	300000000	59
chr7A_TA877	300000000	310000000	29
chr7A_TA877	310000000	320000000	25
chr7A_TA877	320000000	330000000	31
chr7A_TA877	330000000	340000000	28
chr7A_TA877	340000000	350000000	35
chr7A_TA877	350000000	360000000	28
chr7A_TA877	360000000	370000000	10
chr7A_TA877	370000000	380000000	15
chr7A_TA877	380000000	390000000	26
chr7A_TA877	390000000	400000000	22
chr7A_TA877	400000000	410000000	30
chr7A_TA877	410000000	420000000	39
chr7A_TA877	420000000	430000000	66
chr7A_TA877	430000000	440000000	29
chr7A_TA877	440000000	450000000	38
chr7A_TA877	450000000	460000000	9
chr7A_TA877	460000000	470000000	30
chr7A_TA877	470000000	480000000	21
chr7A_TA877	480000000	490000000	51
chr7A_TA877	490000000	500000000	68
chr7A_TA877	500000000	510000000	79
chr7A_TA877	510000000	520000000	97
chr7A_TA877	520000000	530000000	75
chr7A_TA877	530000000	540000000	76
chr7A_TA877	540000000	550000000	79
chr7A_TA877	550000000	560000000	91
chr7A_TA877	560000000	570000000	82
chr7A_TA877	570000000	580000000	82
chr7A_TA877	580000000	590000000	89
chr7A_TA877	590000000	600000000	116
chr7A_TA877	600000000	610000000	71
chr7A_TA877	610000000	620000000	77
chr7A_TA877	620000000	630000000	99
chr7A_TA877	630000000	640000000	116
chr7A_TA877	640000000	650000000	106
chr7A_TA877	650000000	660000000	97
chr7A_TA877	660000000	670000000	122
chr7A_TA877	670000000	680000000	114
chr7A_TA877	680000000	690000000	131
chr7A_TA877	690000000	700000000	100
chr7A_TA877	700000000	710000000	186
chr7A_TA877	710000000	720000000	195
chr7A_TA877	720000000	728204638	120
chr1G_TA877	0	10000000	118
chr1G_TA877	10000000	20000000	118
chr1G_TA877	20000000	30000000	56
chr1G_TA877	30000000	40000000	77
chr1G_TA877	40000000	50000000	61
chr1G_TA877	50000000	60000000	64
chr1G_TA877	60000000	70000000	77
chr1G_TA877	70000000	80000000	84
chr1G_TA877	80000000	90000000	47
chr1G_TA877	90000000	100000000	50
chr1G_TA877	100000000	110000000	27
chr1G_TA877	110000000	120000000	28
chr1G_TA877	120000000	130000000	27
chr1G_TA877	130000000	140000000	37
chr1G_TA877	140000000	150000000	20
chr1G_TA877	150000000	160000000	35
chr1G_TA877	160000000	170000000	78
chr1G_TA877	170000000	180000000	41
chr1G_TA877	180000000	190000000	75
chr1G_TA877	190000000	200000000	54
chr1G_TA877	200000000	210000000	80
chr1G_TA877	210000000	220000000	103
chr1G_TA877	220000000	230000000	93
chr1G_TA877	230000000	240000000	83
chr1G_TA877	240000000	250000000	86
chr1G_TA877	250000000	260000000	57
chr1G_TA877	260000000	270000000	109
chr1G_TA877	270000000	280000000	103
chr1G_TA877	280000000	290000000	94
chr1G_TA877	290000000	300000000	98
chr1G_TA877	300000000	310000000	69
chr1G_TA877	310000000	320000000	102
chr1G_TA877	320000000	330000000	57
chr1G_TA877	330000000	340000000	101
chr1G_TA877	340000000	350000000	71
chr1G_TA877	350000000	360000000	63
chr1G_TA877	360000000	370000000	103
chr1G_TA877	370000000	380000000	110
chr1G_TA877	380000000	390000000	110
chr1G_TA877	390000000	400000000	148
chr1G_TA877	400000000	410000000	127
chr1G_TA877	410000000	420000000	175
chr1G_TA877	420000000	430000000	130
chr1G_TA877	430000000	440000000	107
chr1G_TA877	440000000	450000000	192
chr1G_TA877	450000000	460000000	177
chr1G_TA877	460000000	470000000	180
chr1G_TA877	470000000	480000000	207
chr1G_TA877	480000000	490000000	189
chr1G_TA877	490000000	499920424	103
chr2G_TA877	0	10000000	238
chr2G_TA877	10000000	20000000	223
chr2G_TA877	20000000	30000000	211
chr2G_TA877	30000000	40000000	168
chr2G_TA877	40000000	50000000	232
chr2G_TA877	50000000	60000000	114
chr2G_TA877	60000000	70000000	123
chr2G_TA877	70000000	80000000	137
chr2G_TA877	80000000	90000000	163
chr2G_TA877	90000000	100000000	131
chr2G_TA877	100000000	110000000	123
chr2G_TA877	110000000	120000000	134
chr2G_TA877	120000000	130000000	84
chr2G_TA877	130000000	140000000	108
chr2G_TA877	140000000	150000000	122
chr2G_TA877	150000000	160000000	71
chr2G_TA877	160000000	170000000	74
chr2G_TA877	170000000	180000000	53
chr2G_TA877	180000000	190000000	61
chr2G_TA877	190000000	200000000	73
chr2G_TA877	200000000	210000000	98
chr2G_TA877	210000000	220000000	50
chr2G_TA877	220000000	230000000	38
chr2G_TA877	230000000	240000000	25
chr2G_TA877	240000000	250000000	28
chr2G_TA877	250000000	260000000	29
chr2G_TA877	260000000	270000000	39
chr2G_TA877	270000000	280000000	26
chr2G_TA877	280000000	290000000	27
chr2G_TA877	290000000	300000000	17
chr2G_TA877	300000000	310000000	29
chr2G_TA877	310000000	320000000	30
chr2G_TA877	320000000	330000000	37
chr2G_TA877	330000000	340000000	69
chr2G_TA877	340000000	350000000	79
chr2G_TA877	350000000	360000000	79
chr2G_TA877	360000000	370000000	71
chr2G_TA877	370000000	380000000	58
chr2G_TA877	380000000	390000000	68
chr2G_TA877	390000000	400000000	94
chr2G_TA877	400000000	410000000	82
chr2G_TA877	410000000	420000000	102
chr2G_TA877	420000000	430000000	95
chr2G_TA877	430000000	440000000	87
chr2G_TA877	440000000	450000000	101
chr2G_TA877	450000000	460000000	102
chr2G_TA877	460000000	470000000	84
chr2G_TA877	470000000	480000000	95
chr2G_TA877	480000000	490000000	108
chr2G_TA877	490000000	500000000	105
chr2G_TA877	500000000	510000000	44
chr2G_TA877	510000000	520000000	99
chr2G_TA877	520000000	530000000	93
chr2G_TA877	530000000	540000000	108
chr2G_TA877	540000000	550000000	141
chr2G_TA877	550000000	560000000	129
chr2G_TA877	560000000	570000000	147
chr2G_TA877	570000000	580000000	160
chr2G_TA877	580000000	590000000	195
chr2G_TA877	590000000	600000000	164
chr2G_TA877	600000000	610000000	121
chr2G_TA877	610000000	620000000	102
chr2G_TA877	620000000	630000000	174
chr2G_TA877	630000000	640000000	202
chr2G_TA877	640000000	650000000	223
chr2G_TA877	650000000	660000000	203
chr2G_TA877	660000000	670000000	233
chr2G_TA877	670000000	680000000	187
chr2G_TA877	680000000	683726055	16
chr3G_TA877	0	10000000	219
chr3G_TA877	10000000	20000000	284
chr3G_TA877	20000000	30000000	186
chr3G_TA877	30000000	40000000	130
chr3G_TA877	40000000	50000000	120
chr3G_TA877	50000000	60000000	168
chr3G_TA877	60000000	70000000	126
chr3G_TA877	70000000	80000000	171
chr3G_TA877	80000000	90000000	86
chr3G_TA877	90000000	100000000	68
chr3G_TA877	100000000	110000000	64
chr3G_TA877	110000000	120000000	100
chr3G_TA877	120000000	130000000	126
chr3G_TA877	130000000	140000000	107
chr3G_TA877	140000000	150000000	83
chr3G_TA877	150000000	160000000	103
chr3G_TA877	160000000	170000000	74
chr3G_TA877	170000000	180000000	100
chr3G_TA877	180000000	190000000	99
chr3G_TA877	190000000	200000000	50
chr3G_TA877	200000000	210000000	73
chr3G_TA877	210000000	220000000	48
chr3G_TA877	220000000	230000000	30
chr3G_TA877	230000000	240000000	33
chr3G_TA877	240000000	250000000	39
chr3G_TA877	250000000	260000000	28
chr3G_TA877	260000000	270000000	30
chr3G_TA877	270000000	280000000	22
chr3G_TA877	280000000	290000000	8
chr3G_TA877	290000000	300000000	39
chr3G_TA877	300000000	310000000	30
chr3G_TA877	310000000	320000000	39
chr3G_TA877	320000000	330000000	66
chr3G_TA877	330000000	340000000	61
chr3G_TA877	340000000	350000000	51
chr3G_TA877	350000000	360000000	68
chr3G_TA877	360000000	370000000	99
chr3G_TA877	370000000	380000000	82
chr3G_TA877	380000000	390000000	94
chr3G_TA877	390000000	400000000	102
chr3G_TA877	400000000	410000000	107
chr3G_TA877	410000000	420000000	101
chr3G_TA877	420000000	430000000	91
chr3G_TA877	430000000	440000000	95
chr3G_TA877	440000000	450000000	103
chr3G_TA877	450000000	460000000	109
chr3G_TA877	460000000	470000000	132
chr3G_TA877	470000000	480000000	136
chr3G_TA877	480000000	490000000	86
chr3G_TA877	490000000	500000000	90
chr3G_TA877	500000000	510000000	108
chr3G_TA877	510000000	520000000	99
chr3G_TA877	520000000	530000000	151
chr3G_TA877	530000000	540000000	132
chr3G_TA877	540000000	550000000	134
chr3G_TA877	550000000	560000000	171
chr3G_TA877	560000000	570000000	109
chr3G_TA877	570000000	580000000	74
chr3G_TA877	580000000	590000000	189
chr3G_TA877	590000000	600000000	156
chr3G_TA877	600000000	610000000	197
chr3G_TA877	610000000	620000000	166
chr3G_TA877	620000000	630000000	208
chr3G_TA877	630000000	640000000	184
chr3G_TA877	640000000	650000000	196
chr3G_TA877	650000000	660000000	244
chr3G_TA877	660000000	670000000	195
chr3G_TA877	670000000	670590195	4
chr4G_TA877	0	10000000	140
chr4G_TA877	10000000	20000000	92
chr4G_TA877	20000000	30000000	99
chr4G_TA877	30000000	40000000	95
chr4G_TA877	40000000	50000000	126
chr4G_TA877	50000000	60000000	118
chr4G_TA877	60000000	70000000	103
chr4G_TA877	70000000	80000000	107
chr4G_TA877	80000000	90000000	116
chr4G_TA877	90000000	100000000	96
chr4G_TA877	100000000	110000000	148
chr4G_TA877	110000000	120000000	98
chr4G_TA877	120000000	130000000	106
chr4G_TA877	130000000	140000000	114
chr4G_TA877	140000000	150000000	84
chr4G_TA877	150000000	160000000	83
chr4G_TA877	160000000	170000000	91
chr4G_TA877	170000000	180000000	78
chr4G_TA877	180000000	190000000	73
chr4G_TA877	190000000	200000000	44
chr4G_TA877	200000000	210000000	50
chr4G_TA877	210000000	220000000	37
chr4G_TA877	220000000	230000000	38
chr4G_TA877	230000000	240000000	19
chr4G_TA877	240000000	250000000	29
chr4G_TA877	250000000	260000000	24
chr4G_TA877	260000000	270000000	23
chr4G_TA877	270000000	280000000	30
chr4G_TA877	280000000	290000000	15
chr4G_TA877	290000000	300000000	34
chr4G_TA877	300000000	310000000	25
chr4G_TA877	310000000	320000000	16
chr4G_TA877	320000000	330000000	34
chr4G_TA877	330000000	340000000	36
chr4G_TA877	340000000	350000000	43
chr4G_TA877	350000000	360000000	74
chr4G_TA877	360000000	370000000	60
chr4G_TA877	370000000	380000000	45
chr4G_TA877	380000000	390000000	65
chr4G_TA877	390000000	400000000	70
chr4G_TA877	400000000	410000000	64
chr4G_TA877	410000000	420000000	73
chr4G_TA877	420000000	430000000	71
chr4G_TA877	430000000	440000000	99
chr4G_TA877	440000000	450000000	64
chr4G_TA877	450000000	460000000	79
chr4G_TA877	460000000	470000000	116
chr4G_TA877	470000000	480000000	81
chr4G_TA877	480000000	490000000	90
chr4G_TA877	490000000	500000000	75
chr4G_TA877	500000000	510000000	76
chr4G_TA877	510000000	520000000	76
chr4G_TA877	520000000	530000000	95
chr4G_TA877	530000000	540000000	110
chr4G_TA877	540000000	550000000	109
chr4G_TA877	550000000	560000000	120
chr4G_TA877	560000000	570000000	86
chr4G_TA877	570000000	580000000	101
chr4G_TA877	580000000	590000000	137
chr4G_TA877	590000000	600000000	192
chr4G_TA877	600000000	610000000	107
chr4G_TA877	610000000	620000000	157
chr4G_TA877	620000000	630000000	189
chr4G_TA877	630000000	640000000	178
chr4G_TA877	640000000	650000000	157
chr4G_TA877	650000000	659442802	173
chr5G_TA877	0	10000000	110
chr5G_TA877	10000000	20000000	117
chr5G_TA877	20000000	30000000	116
chr5G_TA877	30000000	40000000	95
chr5G_TA877	40000000	50000000	134
chr5G_TA877	50000000	60000000	115
chr5G_TA877	60000000	70000000	90
chr5G_TA877	70000000	80000000	104
chr5G_TA877	80000000	90000000	71
chr5G_TA877	90000000	100000000	100
chr5G_TA877	100000000	110000000	60
chr5G_TA877	110000000	120000000	88
chr5G_TA877	120000000	130000000	74
chr5G_TA877	130000000	140000000	91
chr5G_TA877	140000000	150000000	59
chr5G_TA877	150000000	160000000	19
chr5G_TA877	160000000	170000000	27
chr5G_TA877	170000000	180000000	36
chr5G_TA877	180000000	190000000	26
chr5G_TA877	190000000	200000000	32
chr5G_TA877	200000000	210000000	14
chr5G_TA877	210000000	220000000	37
chr5G_TA877	220000000	230000000	43
chr5G_TA877	230000000	240000000	55
chr5G_TA877	240000000	250000000	56
chr5G_TA877	250000000	260000000	62
chr5G_TA877	260000000	270000000	51
chr5G_TA877	270000000	280000000	81
chr5G_TA877	280000000	290000000	62
chr5G_TA877	290000000	300000000	70
chr5G_TA877	300000000	310000000	86
chr5G_TA877	310000000	320000000	94
chr5G_TA877	320000000	330000000	100
chr5G_TA877	330000000	340000000	114
chr5G_TA877	340000000	350000000	91
chr5G_TA877	350000000	360000000	91
chr5G_TA877	360000000	370000000	76
chr5G_TA877	370000000	380000000	94
chr5G_TA877	380000000	390000000	66
chr5G_TA877	390000000	400000000	95
chr5G_TA877	400000000	410000000	107
chr5G_TA877	410000000	420000000	109
chr5G_TA877	420000000	430000000	121
chr5G_TA877	430000000	440000000	145
chr5G_TA877	440000000	450000000	116
chr5G_TA877	450000000	460000000	120
chr5G_TA877	460000000	470000000	170
chr5G_TA877	470000000	480000000	157
chr5G_TA877	480000000	490000000	128
chr5G_TA877	490000000	500000000	170
chr5G_TA877	500000000	510000000	144
chr5G_TA877	510000000	520000000	120
chr5G_TA877	520000000	530000000	117
chr5G_TA877	530000000	540000000	130
chr5G_TA877	540000000	550000000	110
chr5G_TA877	550000000	560000000	139
chr5G_TA877	560000000	570000000	133
chr5G_TA877	570000000	580000000	183
chr5G_TA877	580000000	590000000	92
chr5G_TA877	590000000	600000000	154
chr5G_TA877	600000000	610000000	168
chr5G_TA877	610000000	620000000	188
chr5G_TA877	620000000	630000000	195
chr5G_TA877	630000000	640000000	196
chr5G_TA877	640000000	650000000	162
chr5G_TA877	650000000	660000000	211
chr5G_TA877	660000000	662613401	54
chr6G_TA877	0	10000000	167
chr6G_TA877	10000000	20000000	150
chr6G_TA877	20000000	30000000	217
chr6G_TA877	30000000	40000000	165
chr6G_TA877	40000000	50000000	147
chr6G_TA877	50000000	60000000	208
chr6G_TA877	60000000	70000000	153
chr6G_TA877	70000000	80000000	108
chr6G_TA877	80000000	90000000	88
chr6G_TA877	90000000	100000000	47
chr6G_TA877	100000000	110000000	111
chr6G_TA877	110000000	120000000	127
chr6G_TA877	120000000	130000000	122
chr6G_TA877	130000000	140000000	123
chr6G_TA877	140000000	150000000	75
chr6G_TA877	150000000	160000000	70
chr6G_TA877	160000000	170000000	88
chr6G_TA877	170000000	180000000	66
chr6G_TA877	180000000	190000000	48
chr6G_TA877	190000000	200000000	78
chr6G_TA877	200000000	210000000	44
chr6G_TA877	210000000	220000000	62
chr6G_TA877	220000000	230000000	57
chr6G_TA877	230000000	240000000	50
chr6G_TA877	240000000	250000000	32
chr6G_TA877	250000000	260000000	36
chr6G_TA877	260000000	270000000	24
chr6G_TA877	270000000	280000000	23
chr6G_TA877	280000000	290000000	15
chr6G_TA877	290000000	300000000	20
chr6G_TA877	300000000	310000000	22
chr6G_TA877	310000000	320000000	25
chr6G_TA877	320000000	330000000	24
chr6G_TA877	330000000	340000000	29
chr6G_TA877	340000000	350000000	45
chr6G_TA877	350000000	360000000	67
chr6G_TA877	360000000	370000000	66
chr6G_TA877	370000000	380000000	56
chr6G_TA877	380000000	390000000	59
chr6G_TA877	390000000	400000000	94
chr6G_TA877	400000000	410000000	99
chr6G_TA877	410000000	420000000	81
chr6G_TA877	420000000	430000000	69
chr6G_TA877	430000000	440000000	92
chr6G_TA877	440000000	450000000	115
chr6G_TA877	450000000	460000000	106
chr6G_TA877	460000000	470000000	110
chr6G_TA877	470000000	480000000	89
chr6G_TA877	480000000	490000000	41
chr6G_TA877	490000000	500000000	93
chr6G_TA877	500000000	510000000	113
chr6G_TA877	510000000	520000000	120
chr6G_TA877	520000000	530000000	143
chr6G_TA877	530000000	540000000	115
chr6G_TA877	540000000	550000000	107
chr6G_TA877	550000000	560000000	172
chr6G_TA877	560000000	570000000	168
chr6G_TA877	570000000	580000000	184
chr6G_TA877	580000000	590000000	201
chr6G_TA877	590000000	593054900	79
chr7G_TA877	0	10000000	221
chr7G_TA877	10000000	20000000	198
chr7G_TA877	20000000	30000000	187
chr7G_TA877	30000000	40000000	189
chr7G_TA877	40000000	50000000	152
chr7G_TA877	50000000	60000000	111
chr7G_TA877	60000000	70000000	157
chr7G_TA877	70000000	80000000	144
chr7G_TA877	80000000	90000000	180
chr7G_TA877	90000000	100000000	124
chr7G_TA877	100000000	110000000	122
chr7G_TA877	110000000	120000000	121
chr7G_TA877	120000000	130000000	102
chr7G_TA877	130000000	140000000	135
chr7G_TA877	140000000	150000000	87
chr7G_TA877	150000000	160000000	101
chr7G_TA877	160000000	170000000	93
chr7G_TA877	170000000	180000000	110
chr7G_TA877	180000000	190000000	107
chr7G_TA877	190000000	200000000	102
chr7G_TA877	200000000	210000000	81
chr7G_TA877	210000000	220000000	80
chr7G_TA877	220000000	230000000	108
chr7G_TA877	230000000	240000000	82
chr7G_TA877	240000000	250000000	75
chr7G_TA877	250000000	260000000	86
chr7G_TA877	260000000	270000000	78
chr7G_TA877	270000000	280000000	55
chr7G_TA877	280000000	290000000	58
chr7G_TA877	290000000	300000000	77
chr7G_TA877	300000000	310000000	32
chr7G_TA877	310000000	320000000	20
chr7G_TA877	320000000	330000000	39
chr7G_TA877	330000000	340000000	34
chr7G_TA877	340000000	350000000	25
chr7G_TA877	350000000	360000000	24
chr7G_TA877	360000000	370000000	21
chr7G_TA877	370000000	380000000	13
chr7G_TA877	380000000	390000000	20
chr7G_TA877	390000000	400000000	31
chr7G_TA877	400000000	410000000	36
chr7G_TA877	410000000	420000000	44
chr7G_TA877	420000000	430000000	78
chr7G_TA877	430000000	440000000	72
chr7G_TA877	440000000	450000000	63
chr7G_TA877	450000000	460000000	47
chr7G_TA877	460000000	470000000	102
chr7G_TA877	470000000	480000000	82
chr7G_TA877	480000000	490000000	108
chr7G_TA877	490000000	500000000	95
chr7G_TA877	500000000	510000000	94
chr7G_TA877	510000000	520000000	65
chr7G_TA877	520000000	530000000	101
chr7G_TA877	530000000	540000000	113
chr7G_TA877	540000000	550000000	120
chr7G_TA877	550000000	560000000	87
chr7G_TA877	560000000	570000000	106
chr7G_TA877	570000000	580000000	128
chr7G_TA877	580000000	590000000	125
chr7G_TA877	590000000	600000000	93
chr7G_TA877	600000000	610000000	77
chr7G_TA877	610000000	620000000	127
chr7G_TA877	620000000	630000000	177
chr7G_TA877	630000000	640000000	126
chr7G_TA877	640000000	650000000	113
chr7G_TA877	650000000	660000000	144
chr7G_TA877	660000000	670000000	170
chr7G_TA877	670000000	680000000	203
chr7G_TA877	680000000	690000000	142
chr7G_TA877	690000000	700000000	191
chr7G_TA877	700000000	710000000	120
chr7G_TA877	710000000	715925247	154
chr1A_TA2804	0	10000000	115
chr1A_TA2804	10000000	20000000	243
chr1A_TA2804	20000000	30000000	189
chr1A_TA2804	30000000	40000000	117
chr1A_TA2804	40000000	50000000	126
chr1A_TA2804	50000000	60000000	100
chr1A_TA2804	60000000	70000000	104
chr1A_TA2804	70000000	80000000	75
chr1A_TA2804	80000000	90000000	100
chr1A_TA2804	90000000	100000000	69
chr1A_TA2804	100000000	110000000	70
chr1A_TA2804	110000000	120000000	59
chr1A_TA2804	120000000	130000000	55
chr1A_TA2804	130000000	140000000	65
chr1A_TA2804	140000000	150000000	32
chr1A_TA2804	150000000	160000000	26
chr1A_TA2804	160000000	170000000	17
chr1A_TA2804	170000000	180000000	41
chr1A_TA2804	180000000	190000000	51
chr1A_TA2804	190000000	200000000	30
chr1A_TA2804	200000000	210000000	14
chr1A_TA2804	210000000	220000000	35
chr1A_TA2804	220000000	230000000	12
chr1A_TA2804	230000000	240000000	16
chr1A_TA2804	240000000	250000000	40
chr1A_TA2804	250000000	260000000	39
chr1A_TA2804	260000000	270000000	84
chr1A_TA2804	270000000	280000000	47
chr1A_TA2804	280000000	290000000	44
chr1A_TA2804	290000000	300000000	57
chr1A_TA2804	300000000	310000000	94
chr1A_TA2804	310000000	320000000	77
chr1A_TA2804	320000000	330000000	48
chr1A_TA2804	330000000	340000000	67
chr1A_TA2804	340000000	350000000	66
chr1A_TA2804	350000000	360000000	70
chr1A_TA2804	360000000	370000000	74
chr1A_TA2804	370000000	380000000	97
chr1A_TA2804	380000000	390000000	72
chr1A_TA2804	390000000	400000000	84
chr1A_TA2804	400000000	410000000	81
chr1A_TA2804	410000000	420000000	60
chr1A_TA2804	420000000	430000000	47
chr1A_TA2804	430000000	440000000	46
chr1A_TA2804	440000000	450000000	69
chr1A_TA2804	450000000	460000000	88
chr1A_TA2804	460000000	470000000	83
chr1A_TA2804	470000000	480000000	119
chr1A_TA2804	480000000	490000000	77
chr1A_TA2804	490000000	500000000	107
chr1A_TA2804	500000000	510000000	122
chr1A_TA2804	510000000	520000000	147
chr1A_TA2804	520000000	530000000	145
chr1A_TA2804	530000000	540000000	134
chr1A_TA2804	540000000	550000000	172
chr1A_TA2804	550000000	560000000	182
chr1A_TA2804	560000000	570000000	206
chr1A_TA2804	570000000	580000000	169
chr1A_TA2804	580000000	590000000	149
chr1A_TA2804	590000000	600000000	195
chr1A_TA2804	600000000	610000000	130
chr1A_TA2804	610000000	613121534	56
chr2A_TA2804	0	10000000	237
chr2A_TA2804	10000000	20000000	260
chr2A_TA2804	20000000	30000000	137
chr2A_TA2804	30000000	40000000	195
chr2A_TA2804	40000000	50000000	193
chr2A_TA2804	50000000	60000000	123
chr2A_TA2804	60000000	70000000	144
chr2A_TA2804	70000000	80000000	155
chr2A_TA2804	80000000	90000000	141
chr2A_TA2804	90000000	100000000	99
chr2A_TA2804	100000000	110000000	108
chr2A_TA2804	110000000	120000000	78
chr2A_TA2804	120000000	130000000	73
chr2A_TA2804	130000000	140000000	65
chr2A_TA2804	140000000	150000000	73
chr2A_TA2804	150000000	160000000	84
chr2A_TA2804	160000000	170000000	80
chr2A_TA2804	170000000	180000000	53
chr2A_TA2804	180000000	190000000	56
chr2A_TA2804	190000000	200000000	65
chr2A_TA2804	200000000	210000000	105
chr2A_TA2804	210000000	220000000	46
chr2A_TA2804	220000000	230000000	33
chr2A_TA2804	230000000	240000000	43
chr2A_TA2804	240000000	250000000	26
chr2A_TA2804	250000000	260000000	28
chr2A_TA2804	260000000	270000000	24
chr2A_TA2804	270000000	280000000	20
chr2A_TA2804	280000000	290000000	28
chr2A_TA2804	290000000	300000000	34
chr2A_TA2804	300000000	310000000	39
chr2A_TA2804	310000000	320000000	26
chr2A_TA2804	320000000	330000000	16
chr2A_TA2804	330000000	340000000	24
chr2A_TA2804	340000000	350000000	22
chr2A_TA2804	350000000	360000000	24
chr2A_TA2804	360000000	370000000	29
chr2A_TA2804	370000000	380000000	41
chr2A_TA2804	380000000	390000000	49
chr2A_TA2804	390000000	400000000	56
chr2A_TA2804	400000000	410000000	42
chr2A_TA2804	410000000	420000000	37
chr2A_TA2804	420000000	430000000	44
chr2A_TA2804	430000000	440000000	47
chr2A_TA2804	440000000	450000000	41
chr2A_TA2804	450000000	460000000	53
chr2A_TA2804	460000000	470000000	49
chr2A_TA2804	470000000	480000000	34
chr2A_TA2804	480000000	490000000	40
chr2A_TA2804	490000000	500000000	61
chr2A_TA2804	500000000	510000000	80
chr2A_TA2804	510000000	520000000	57
chr2A_TA2804	520000000	530000000	75
chr2A_TA2804	530000000	540000000	81
chr2A_TA2804	540000000	550000000	80
chr2A_TA2804	550000000	560000000	87
chr2A_TA2804	560000000	570000000	93
chr2A_TA2804	570000000	580000000	93
chr2A_TA2804	580000000	590000000	82
chr2A_TA2804	590000000	600000000	136
chr2A_TA2804	600000000	610000000	96
chr2A_TA2804	610000000	620000000	97
chr2A_TA2804	620000000	630000000	69
chr2A_TA2804	630000000	640000000	75
chr2A_TA2804	640000000	650000000	79
chr2A_TA2804	650000000	660000000	143
chr2A_TA2804	660000000	670000000	141
chr2A_TA2804	670000000	680000000	145
chr2A_TA2804	680000000	690000000	124
chr2A_TA2804	690000000	700000000	164
chr2A_TA2804	700000000	710000000	191
chr2A_TA2804	710000000	720000000	177
chr2A_TA2804	720000000	730000000	137
chr2A_TA2804	730000000	740000000	238
chr2A_TA2804	740000000	750000000	216
chr2A_TA2804	750000000	760000000	216
chr2A_TA2804	760000000	768562081	170
chr3A_TA2804	0	10000000	286
chr3A_TA2804	10000000	20000000	224
chr3A_TA2804	20000000	30000000	146
chr3A_TA2804	30000000	40000000	175
chr3A_TA2804	40000000	50000000	198
chr3A_TA2804	50000000	60000000	154
chr3A_TA2804	60000000	70000000	80
chr3A_TA2804	70000000	80000000	76
chr3A_TA2804	80000000	90000000	74
chr3A_TA2804	90000000	100000000	97
chr3A_TA2804	100000000	110000000	72
chr3A_TA2804	110000000	120000000	98
chr3A_TA2804	120000000	130000000	84
chr3A_TA2804	130000000	140000000	58
chr3A_TA2804	140000000	150000000	70
chr3A_TA2804	150000000	160000000	48
chr3A_TA2804	160000000	170000000	51
chr3A_TA2804	170000000	180000000	78
chr3A_TA2804	180000000	190000000	52
chr3A_TA2804	190000000	200000000	69
chr3A_TA2804	200000000	210000000	63
chr3A_TA2804	210000000	220000000	49
chr3A_TA2804	220000000	230000000	35
chr3A_TA2804	230000000	240000000	27
chr3A_TA2804	240000000	250000000	23
chr3A_TA2804	250000000	260000000	34
chr3A_TA2804	260000000	270000000	19
chr3A_TA2804	270000000	280000000	22
chr3A_TA2804	280000000	290000000	30
chr3A_TA2804	290000000	300000000	14
chr3A_TA2804	300000000	310000000	32
chr3A_TA2804	310000000	320000000	23
chr3A_TA2804	320000000	330000000	25
chr3A_TA2804	330000000	340000000	39
chr3A_TA2804	340000000	350000000	27
chr3A_TA2804	350000000	360000000	40
chr3A_TA2804	360000000	370000000	40
chr3A_TA2804	370000000	380000000	46
chr3A_TA2804	380000000	390000000	41
chr3A_TA2804	390000000	400000000	49
chr3A_TA2804	400000000	410000000	37
chr3A_TA2804	410000000	420000000	52
chr3A_TA2804	420000000	430000000	71
chr3A_TA2804	430000000	440000000	60
chr3A_TA2804	440000000	450000000	60
chr3A_TA2804	450000000	460000000	64
chr3A_TA2804	460000000	470000000	93
chr3A_TA2804	470000000	480000000	100
chr3A_TA2804	480000000	490000000	69
chr3A_TA2804	490000000	500000000	80
chr3A_TA2804	500000000	510000000	113
chr3A_TA2804	510000000	520000000	67
chr3A_TA2804	520000000	530000000	71
chr3A_TA2804	530000000	540000000	96
chr3A_TA2804	540000000	550000000	77
chr3A_TA2804	550000000	560000000	109
chr3A_TA2804	560000000	570000000	103
chr3A_TA2804	570000000	580000000	90
chr3A_TA2804	580000000	590000000	102
chr3A_TA2804	590000000	600000000	80
chr3A_TA2804	600000000	610000000	116
chr3A_TA2804	610000000	620000000	120
chr3A_TA2804	620000000	630000000	131
chr3A_TA2804	630000000	640000000	132
chr3A_TA2804	640000000	650000000	116
chr3A_TA2804	650000000	660000000	83
chr3A_TA2804	660000000	670000000	132
chr3A_TA2804	670000000	670699037	5
chr4A_TA2804	0	10000000	213
chr4A_TA2804	10000000	20000000	181
chr4A_TA2804	20000000	30000000	96
chr4A_TA2804	30000000	40000000	107
chr4A_TA2804	40000000	50000000	100
chr4A_TA2804	50000000	60000000	95
chr4A_TA2804	60000000	70000000	120
chr4A_TA2804	70000000	80000000	71
chr4A_TA2804	80000000	90000000	52
chr4A_TA2804	90000000	100000000	63
chr4A_TA2804	100000000	110000000	57
chr4A_TA2804	110000000	120000000	82
chr4A_TA2804	120000000	130000000	70
chr4A_TA2804	130000000	140000000	87
chr4A_TA2804	140000000	150000000	56
chr4A_TA2804	150000000	160000000	34
chr4A_TA2804	160000000	170000000	43
chr4A_TA2804	170000000	180000000	77
chr4A_TA2804	180000000	190000000	42
chr4A_TA2804	190000000	200000000	9
chr4A_TA2804	200000000	210000000	17
chr4A_TA2804	210000000	220000000	12
chr4A_TA2804	220000000	230000000	15
chr4A_TA2804	230000000	240000000	29
chr4A_TA2804	240000000	250000000	29
chr4A_TA2804	250000000	260000000	17
chr4A_TA2804	260000000	270000000	28
chr4A_TA2804	270000000	280000000	22
chr4A_TA2804	280000000	290000000	10
chr4A_TA2804	290000000	300000000	25
chr4A_TA2804	300000000	310000000	20
chr4A_TA2804	310000000	320000000	26
chr4A_TA2804	320000000	330000000	18
chr4A_TA2804	330000000	340000000	26
chr4A_TA2804	340000000	350000000	28
chr4A_TA2804	350000000	360000000	32
chr4A_TA2804	360000000	370000000	28
chr4A_TA2804	370000000	380000000	31
chr4A_TA2804	380000000	390000000	33
chr4A_TA2804	390000000	400000000	23
chr4A_TA2804	400000000	410000000	39
chr4A_TA2804	410000000	420000000	52
chr4A_TA2804	420000000	430000000	34
chr4A_TA2804	430000000	440000000	65
chr4A_TA2804	440000000	450000000	67
chr4A_TA2804	450000000	460000000	74
chr4A_TA2804	460000000	470000000	45
chr4A_TA2804	470000000	480000000	78
chr4A_TA2804	480000000	490000000	71
chr4A_TA2804	490000000	500000000	75
chr4A_TA2804	500000000	510000000	82
chr4A_TA2804	510000000	520000000	83
chr4A_TA2804	520000000	530000000	80
chr4A_TA2804	530000000	540000000	58
chr4A_TA2804	540000000	550000000	94
chr4A_TA2804	550000000	560000000	114
chr4A_TA2804	560000000	570000000	111
chr4A_TA2804	570000000	580000000	126
chr4A_TA2804	580000000	590000000	175
chr4A_TA2804	590000000	600000000	158
chr4A_TA2804	600000000	610000000	115
chr4A_TA2804	610000000	620000000	170
chr4A_TA2804	620000000	630000000	216
chr4A_TA2804	630000000	640000000	144
chr4A_TA2804	640000000	650000000	130
chr4A_TA2804	650000000	660000000	153
chr4A_TA2804	660000000	670000000	153
chr4A_TA2804	670000000	680000000	170
chr4A_TA2804	680000000	690000000	242
chr4A_TA2804	690000000	700000000	204
chr4A_TA2804	700000000	710000000	164
chr4A_TA2804	710000000	720000000	177
chr4A_TA2804	720000000	730000000	157
chr4A_TA2804	730000000	740000000	207
chr4A_TA2804	740000000	750000000	147
chr4A_TA2804	750000000	760000000	204
chr4A_TA2804	760000000	770000000	162
chr4A_TA2804	770000000	772671662	35
chr5A_TA2804	0	10000000	176
chr5A_TA2804	10000000	20000000	111
chr5A_TA2804	20000000	30000000	98
chr5A_TA2804	30000000	40000000	142
chr5A_TA2804	40000000	50000000	133
chr5A_TA2804	50000000	60000000	86
chr5A_TA2804	60000000	70000000	74
chr5A_TA2804	70000000	80000000	65
chr5A_TA2804	80000000	90000000	50
chr5A_TA2804	90000000	100000000	54
chr5A_TA2804	100000000	110000000	49
chr5A_TA2804	110000000	120000000	66
chr5A_TA2804	120000000	130000000	66
chr5A_TA2804	130000000	140000000	62
chr5A_TA2804	140000000	150000000	41
chr5A_TA2804	150000000	160000000	61
chr5A_TA2804	160000000	170000000	24
chr5A_TA2804	170000000	180000000	28
chr5A_TA2804	180000000	190000000	21
chr5A_TA2804	190000000	200000000	20
chr5A_TA2804	200000000	210000000	28
chr5A_TA2804	210000000	220000000	37
chr5A_TA2804	220000000	230000000	28
chr5A_TA2804	230000000	240000000	15
chr5A_TA2804	240000000	250000000	29
chr5A_TA2804	250000000	260000000	48
chr5A_TA2804	260000000	270000000	54
chr5A_TA2804	270000000	280000000	40
chr5A_TA2804	280000000	290000000	66
chr5A_TA2804	290000000	300000000	64
chr5A_TA2804	300000000	310000000	71
chr5A_TA2804	310000000	320000000	84
chr5A_TA2804	320000000	330000000	69
chr5A_TA2804	330000000	340000000	46
chr5A_TA2804	340000000	350000000	65
chr5A_TA2804	350000000	360000000	82
chr5A_TA2804	360000000	370000000	91
chr5A_TA2804	370000000	380000000	85
chr5A_TA2804	380000000	390000000	103
chr5A_TA2804	390000000	400000000	66
chr5A_TA2804	400000000	410000000	63
chr5A_TA2804	410000000	420000000	77
chr5A_TA2804	420000000	430000000	111
chr5A_TA2804	430000000	440000000	95
chr5A_TA2804	440000000	450000000	103
chr5A_TA2804	450000000	460000000	98
chr5A_TA2804	460000000	470000000	171
chr5A_TA2804	470000000	480000000	131
chr5A_TA2804	480000000	490000000	130
chr5A_TA2804	490000000	500000000	124
chr5A_TA2804	500000000	510000000	91
chr5A_TA2804	510000000	520000000	134
chr5A_TA2804	520000000	530000000	133
chr5A_TA2804	530000000	540000000	173
chr5A_TA2804	540000000	550000000	145
chr5A_TA2804	550000000	560000000	147
chr5A_TA2804	560000000	570000000	143
chr5A_TA2804	570000000	580000000	90
chr5A_TA2804	580000000	590000000	89
chr5A_TA2804	590000000	600000000	66
chr5A_TA2804	600000000	610000000	100
chr5A_TA2804	610000000	614132190	85
chr6A_TA2804	0	10000000	170
chr6A_TA2804	10000000	20000000	239
chr6A_TA2804	20000000	30000000	142
chr6A_TA2804	30000000	40000000	97
chr6A_TA2804	40000000	50000000	95
chr6A_TA2804	50000000	60000000	139
chr6A_TA2804	60000000	70000000	55
chr6A_TA2804	70000000	80000000	34
chr6A_TA2804	80000000	90000000	84
chr6A_TA2804	90000000	100000000	74
chr6A_TA2804	100000000	110000000	100
chr6A_TA2804	110000000	120000000	81
chr6A_TA2804	120000000	130000000	68
chr6A_TA2804	130000000	140000000	50
chr6A_TA2804	140000000	150000000	71
chr6A_TA2804	150000000	160000000	54
chr6A_TA2804	160000000	170000000	59
chr6A_TA2804	170000000	180000000	31
chr6A_TA2804	180000000	190000000	54
chr6A_TA2804	190000000	200000000	41
chr6A_TA2804	200000000	210000000	25
chr6A_TA2804	210000000	220000000	23
chr6A_TA2804	220000000	230000000	26
chr6A_TA2804	230000000	240000000	26
chr6A_TA2804	240000000	250000000	17
chr6A_TA2804	250000000	260000000	13
chr6A_TA2804	260000000	270000000	23
chr6A_TA2804	270000000	280000000	21
chr6A_TA2804	280000000	290000000	23
chr6A_TA2804	290000000	300000000	15
chr6A_TA2804	300000000	310000000	23
chr6A_TA2804	310000000	320000000	22
chr6A_TA2804	320000000	330000000	27
chr6A_TA2804	330000000	340000000	35
chr6A_TA2804	340000000	350000000	41
chr6A_TA2804	350000000	360000000	44
chr6A_TA2804	360000000	370000000	42
chr6A_TA2804	370000000	380000000	56
chr6A_TA2804	380000000	390000000	61
chr6A_TA2804	390000000	400000000	50
chr6A_TA2804	400000000	410000000	79
chr6A_TA2804	410000000	420000000	79
chr6A_TA2804	420000000	430000000	68
chr6A_TA2804	430000000	440000000	57
chr6A_TA2804	440000000	450000000	62
chr6A_TA2804	450000000	460000000	87
chr6A_TA2804	460000000	470000000	102
chr6A_TA2804	470000000	480000000	78
chr6A_TA2804	480000000	490000000	99
chr6A_TA2804	490000000	500000000	94
chr6A_TA2804	500000000	510000000	73
chr6A_TA2804	510000000	520000000	139
chr6A_TA2804	520000000	530000000	128
chr6A_TA2804	530000000	540000000	145
chr6A_TA2804	540000000	550000000	154
chr6A_TA2804	550000000	560000000	201
chr6A_TA2804	560000000	570000000	211
chr6A_TA2804	570000000	580000000	250
chr6A_TA2804	580000000	582428954	50
chr7A_TA2804	0	10000000	189
chr7A_TA2804	10000000	20000000	203
chr7A_TA2804	20000000	30000000	212
chr7A_TA2804	30000000	40000000	184
chr7A_TA2804	40000000	50000000	134
chr7A_TA2804	50000000	60000000	156
chr7A_TA2804	60000000	70000000	152
chr7A_TA2804	70000000	80000000	137
chr7A_TA2804	80000000	90000000	176
chr7A_TA2804	90000000	100000000	155
chr7A_TA2804	100000000	110000000	87
chr7A_TA2804	110000000	120000000	92
chr7A_TA2804	120000000	130000000	113
chr7A_TA2804	130000000	140000000	121
chr7A_TA2804	140000000	150000000	80
chr7A_TA2804	150000000	160000000	87
chr7A_TA2804	160000000	170000000	93
chr7A_TA2804	170000000	180000000	84
chr7A_TA2804	180000000	190000000	66
chr7A_TA2804	190000000	200000000	69
chr7A_TA2804	200000000	210000000	82
chr7A_TA2804	210000000	220000000	75
chr7A_TA2804	220000000	230000000	60
chr7A_TA2804	230000000	240000000	75
chr7A_TA2804	240000000	250000000	61
chr7A_TA2804	250000000	260000000	51
chr7A_TA2804	260000000	270000000	48
chr7A_TA2804	270000000	280000000	52
chr7A_TA2804	280000000	290000000	39
chr7A_TA2804	290000000	300000000	68
chr7A_TA2804	300000000	310000000	24
chr7A_TA2804	310000000	320000000	29
chr7A_TA2804	320000000	330000000	21
chr7A_TA2804	330000000	340000000	21
chr7A_TA2804	340000000	350000000	36
chr7A_TA2804	350000000	360000000	22
chr7A_TA2804	360000000	370000000	9
chr7A_TA2804	370000000	380000000	29
chr7A_TA2804	380000000	390000000	31
chr7A_TA2804	390000000	400000000	17
chr7A_TA2804	400000000	410000000	15
chr7A_TA2804	410000000	420000000	37
chr7A_TA2804	420000000	430000000	34
chr7A_TA2804	430000000	440000000	59
chr7A_TA2804	440000000	450000000	63
chr7A_TA2804	450000000	460000000	68
chr7A_TA2804	460000000	470000000	47
chr7A_TA2804	470000000	480000000	58
chr7A_TA2804	480000000	490000000	70
chr7A_TA2804	490000000	500000000	67
chr7A_TA2804	500000000	510000000	74
chr7A_TA2804	510000000	520000000	84
chr7A_TA2804	520000000	530000000	89
chr7A_TA2804	530000000	540000000	39
chr7A_TA2804	540000000	550000000	89
chr7A_TA2804	550000000	560000000	101
chr7A_TA2804	560000000	570000000	95
chr7A_TA2804	570000000	580000000	77
chr7A_TA2804	580000000	590000000	99
chr7A_TA2804	590000000	600000000	52
chr7A_TA2804	600000000	610000000	72
chr7A_TA2804	610000000	620000000	96
chr7A_TA2804	620000000	630000000	96
chr7A_TA2804	630000000	640000000	113
chr7A_TA2804	640000000	650000000	114
chr7A_TA2804	650000000	660000000	89
chr7A_TA2804	660000000	670000000	84
chr7A_TA2804	670000000	680000000	199
chr7A_TA2804	680000000	690000000	113
chr7A_TA2804	690000000	700000000	136
chr7A_TA2804	700000000	710000000	164
chr7A_TA2804	710000000	720000000	187
chr7A_TA2804	720000000	730000000	187
chr7A_TA2804	730000000	740000000	143
chr7A_TA2804	740000000	746009334	148
chr1G_TA2804	0	10000000	127
chr1G_TA2804	10000000	20000000	112
chr1G_TA2804	20000000	30000000	64
chr1G_TA2804	30000000	40000000	69
chr1G_TA2804	40000000	50000000	58
chr1G_TA2804	50000000	60000000	71
chr1G_TA2804	60000000	70000000	78
chr1G_TA2804	70000000	80000000	90
chr1G_TA2804	80000000	90000000	47
chr1G_TA2804	90000000	100000000	53
chr1G_TA2804	100000000	110000000	30
chr1G_TA2804	110000000	120000000	26
chr1G_TA2804	120000000	130000000	40
chr1G_TA2804	130000000	140000000	36
chr1G_TA2804	140000000	150000000	21
chr1G_TA2804	150000000	160000000	38
chr1G_TA2804	160000000	170000000	83
chr1G_TA2804	170000000	180000000	47
chr1G_TA2804	180000000	190000000	69
chr1G_TA2804	190000000	200000000	64
chr1G_TA2804	200000000	210000000	91
chr1G_TA2804	210000000	220000000	93
chr1G_TA2804	220000000	230000000	86
chr1G_TA2804	230000000	240000000	96
chr1G_TA2804	240000000	250000000	76
chr1G_TA2804	250000000	260000000	80
chr1G_TA2804	260000000	270000000	102
chr1G_TA2804	270000000	280000000	97
chr1G_TA2804	280000000	290000000	80
chr1G_TA2804	290000000	300000000	90
chr1G_TA2804	300000000	310000000	65
chr1G_TA2804	310000000	320000000	94
chr1G_TA2804	320000000	330000000	64
chr1G_TA2804	330000000	340000000	97
chr1G_TA2804	340000000	350000000	84
chr1G_TA2804	350000000	360000000	81
chr1G_TA2804	360000000	370000000	96
chr1G_TA2804	370000000	380000000	90
chr1G_TA2804	380000000	390000000	108
chr1G_TA2804	390000000	400000000	142
chr1G_TA2804	400000000	410000000	151
chr1G_TA2804	410000000	420000000	177
chr1G_TA2804	420000000	430000000	119
chr1G_TA2804	430000000	440000000	112
chr1G_TA2804	440000000	450000000	201
chr1G_TA2804	450000000	460000000	154
chr1G_TA2804	460000000	470000000	152
chr1G_TA2804	470000000	480000000	223
chr1G_TA2804	480000000	490000000	168
chr1G_TA2804	490000000	497037353	92
chr2G_TA2804	0	10000000	257
chr2G_TA2804	10000000	20000000	218
chr2G_TA2804	20000000	30000000	226
chr2G_TA2804	30000000	40000000	164
chr2G_TA2804	40000000	50000000	201
chr2G_TA2804	50000000	60000000	168
chr2G_TA2804	60000000	70000000	94
chr2G_TA2804	70000000	80000000	119
chr2G_TA2804	80000000	90000000	167
chr2G_TA2804	90000000	100000000	24
chr2G_TA2804	100000000	110000000	43
chr2G_TA2804	110000000	120000000	130
chr2G_TA2804	120000000	130000000	144
chr2G_TA2804	130000000	140000000	136
chr2G_TA2804	140000000	150000000	92
chr2G_TA2804	150000000	160000000	81
chr2G_TA2804	160000000	170000000	113
chr2G_TA2804	170000000	180000000	69
chr2G_TA2804	180000000	190000000	94
chr2G_TA2804	190000000	200000000	43
chr2G_TA2804	200000000	210000000	68
chr2G_TA2804	210000000	220000000	75
chr2G_TA2804	220000000	230000000	88
chr2G_TA2804	230000000	240000000	58
chr2G_TA2804	240000000	250000000	31
chr2G_TA2804	250000000	260000000	27
chr2G_TA2804	260000000	270000000	31
chr2G_TA2804	270000000	280000000	22
chr2G_TA2804	280000000	290000000	36
chr2G_TA2804	290000000	300000000	28
chr2G_TA2804	300000000	310000000	21
chr2G_TA2804	310000000	320000000	14
chr2G_TA2804	320000000	330000000	13
chr2G_TA2804	330000000	340000000	39
chr2G_TA2804	340000000	350000000	35
chr2G_TA2804	350000000	360000000	78
chr2G_TA2804	360000000	370000000	86
chr2G_TA2804	370000000	380000000	72
chr2G_TA2804	380000000	390000000	67
chr2G_TA2804	390000000	400000000	61
chr2G_TA2804	400000000	410000000	76
chr2G_TA2804	410000000	420000000	85
chr2G_TA2804	420000000	430000000	97
chr2G_TA2804	430000000	440000000	105
chr2G_TA2804	440000000	450000000	83
chr2G_TA2804	450000000	460000000	99
chr2G_TA2804	460000000	470000000	100
chr2G_TA2804	470000000	480000000	95
chr2G_TA2804	480000000	490000000	128
chr2G_TA2804	490000000	500000000	60
chr2G_TA2804	500000000	510000000	107
chr2G_TA2804	510000000	520000000	85
chr2G_TA2804	520000000	530000000	110
chr2G_TA2804	530000000	540000000	84
chr2G_TA2804	540000000	550000000	120
chr2G_TA2804	550000000	560000000	141
chr2G_TA2804	560000000	570000000	130
chr2G_TA2804	570000000	580000000	129
chr2G_TA2804	580000000	590000000	146
chr2G_TA2804	590000000	600000000	186
chr2G_TA2804	600000000	610000000	156
chr2G_TA2804	610000000	620000000	113
chr2G_TA2804	620000000	630000000	120
chr2G_TA2804	630000000	640000000	123
chr2G_TA2804	640000000	650000000	189
chr2G_TA2804	650000000	660000000	214
chr2G_TA2804	660000000	670000000	211
chr2G_TA2804	670000000	680000000	213
chr2G_TA2804	680000000	689748856	187
chr3G_TA2804	0	10000000	250
chr3G_TA2804	10000000	20000000	306
chr3G_TA2804	20000000	30000000	170
chr3G_TA2804	30000000	40000000	111
chr3G_TA2804	40000000	50000000	145
chr3G_TA2804	50000000	60000000	172
chr3G_TA2804	60000000	70000000	105
chr3G_TA2804	70000000	80000000	158
chr3G_TA2804	80000000	90000000	81
chr3G_TA2804	90000000	100000000	70
chr3G_TA2804	100000000	110000000	84
chr3G_TA2804	110000000	120000000	97
chr3G_TA2804	120000000	130000000	111
chr3G_TA2804	130000000	140000000	120
chr3G_TA2804	140000000	150000000	98
chr3G_TA2804	150000000	160000000	97
chr3G_TA2804	160000000	170000000	71
chr3G_TA2804	170000000	180000000	95
chr3G_TA2804	180000000	190000000	81
chr3G_TA2804	190000000	200000000	68
chr3G_TA2804	200000000	210000000	65
chr3G_TA2804	210000000	220000000	43
chr3G_TA2804	220000000	230000000	28
chr3G_TA2804	230000000	240000000	32
chr3G_TA2804	240000000	250000000	29
chr3G_TA2804	250000000	260000000	36
chr3G_TA2804	260000000	270000000	21
chr3G_TA2804	270000000	280000000	36
chr3G_TA2804	280000000	290000000	22
chr3G_TA2804	290000000	300000000	31
chr3G_TA2804	300000000	310000000	27
chr3G_TA2804	310000000	320000000	46
chr3G_TA2804	320000000	330000000	73
chr3G_TA2804	330000000	340000000	59
chr3G_TA2804	340000000	350000000	57
chr3G_TA2804	350000000	360000000	78
chr3G_TA2804	360000000	370000000	91
chr3G_TA2804	370000000	380000000	88
chr3G_TA2804	380000000	390000000	104
chr3G_TA2804	390000000	400000000	119
chr3G_TA2804	400000000	410000000	90
chr3G_TA2804	410000000	420000000	97
chr3G_TA2804	420000000	430000000	92
chr3G_TA2804	430000000	440000000	104
chr3G_TA2804	440000000	450000000	86
chr3G_TA2804	450000000	460000000	115
chr3G_TA2804	460000000	470000000	141
chr3G_TA2804	470000000	480000000	127
chr3G_TA2804	480000000	490000000	75
chr3G_TA2804	490000000	500000000	98
chr3G_TA2804	500000000	510000000	105
chr3G_TA2804	510000000	520000000	110
chr3G_TA2804	520000000	530000000	154
chr3G_TA2804	530000000	540000000	140
chr3G_TA2804	540000000	550000000	135
chr3G_TA2804	550000000	560000000	147
chr3G_TA2804	560000000	570000000	111
chr3G_TA2804	570000000	580000000	94
chr3G_TA2804	580000000	590000000	199
chr3G_TA2804	590000000	600000000	130
chr3G_TA2804	600000000	610000000	172
chr3G_TA2804	610000000	620000000	161
chr3G_TA2804	620000000	630000000	219
chr3G_TA2804	630000000	640000000	204
chr3G_TA2804	640000000	650000000	199
chr3G_TA2804	650000000	660000000	207
chr3G_TA2804	660000000	667333744	81
chr4G_TA2804	0	10000000	170
chr4G_TA2804	10000000	20000000	142
chr4G_TA2804	20000000	30000000	138
chr4G_TA2804	30000000	40000000	149
chr4G_TA2804	40000000	50000000	163
chr4G_TA2804	50000000	60000000	158
chr4G_TA2804	60000000	70000000	175
chr4G_TA2804	70000000	80000000	155
chr4G_TA2804	80000000	90000000	143
chr4G_TA2804	90000000	100000000	164
chr4G_TA2804	100000000	110000000	126
chr4G_TA2804	110000000	120000000	180
chr4G_TA2804	120000000	130000000	155
chr4G_TA2804	130000000	140000000	128
chr4G_TA2804	140000000	150000000	130
chr4G_TA2804	150000000	160000000	118
chr4G_TA2804	160000000	170000000	99
chr4G_TA2804	170000000	180000000	121
chr4G_TA2804	180000000	190000000	126
chr4G_TA2804	190000000	200000000	125
chr4G_TA2804	200000000	210000000	90
chr4G_TA2804	210000000	220000000	117
chr4G_TA2804	220000000	230000000	88
chr4G_TA2804	230000000	240000000	83
chr4G_TA2804	240000000	250000000	89
chr4G_TA2804	250000000	260000000	78
chr4G_TA2804	260000000	270000000	89
chr4G_TA2804	270000000	280000000	38
chr4G_TA2804	280000000	290000000	53
chr4G_TA2804	290000000	300000000	60
chr4G_TA2804	300000000	310000000	24
chr4G_TA2804	310000000	320000000	25
chr4G_TA2804	320000000	330000000	28
chr4G_TA2804	330000000	340000000	16
chr4G_TA2804	340000000	350000000	31
chr4G_TA2804	350000000	360000000	28
chr4G_TA2804	360000000	370000000	37
chr4G_TA2804	370000000	380000000	30
chr4G_TA2804	380000000	390000000	21
chr4G_TA2804	390000000	400000000	22
chr4G_TA2804	400000000	410000000	35
chr4G_TA2804	410000000	420000000	19
chr4G_TA2804	420000000	430000000	23
chr4G_TA2804	430000000	440000000	25
chr4G_TA2804	440000000	450000000	29
chr4G_TA2804	450000000	460000000	45
chr4G_TA2804	460000000	470000000	46
chr4G_TA2804	470000000	480000000	43
chr4G_TA2804	480000000	490000000	70
chr4G_TA2804	490000000	500000000	87
chr4G_TA2804	500000000	510000000	86
chr4G_TA2804	510000000	520000000	81
chr4G_TA2804	520000000	530000000	72
chr4G_TA2804	530000000	540000000	70
chr4G_TA2804	540000000	550000000	81
chr4G_TA2804	550000000	560000000	99
chr4G_TA2804	560000000	570000000	73
chr4G_TA2804	570000000	580000000	58
chr4G_TA2804	580000000	590000000	116
chr4G_TA2804	590000000	600000000	87
chr4G_TA2804	600000000	610000000	72
chr4G_TA2804	610000000	620000000	102
chr4G_TA2804	620000000	630000000	110
chr4G_TA2804	630000000	640000000	96
chr4G_TA2804	640000000	650000000	128
chr4G_TA2804	650000000	660000000	116
chr4G_TA2804	660000000	670000000	100
chr4G_TA2804	670000000	680000000	120
chr4G_TA2804	680000000	690000000	130
chr4G_TA2804	690000000	700000000	149
chr4G_TA2804	700000000	710000000	154
chr4G_TA2804	710000000	720000000	240
chr4G_TA2804	720000000	726833302	62
chr5G_TA2804	0	10000000	118
chr5G_TA2804	10000000	20000000	141
chr5G_TA2804	20000000	30000000	127
chr5G_TA2804	30000000	40000000	112
chr5G_TA2804	40000000	50000000	123
chr5G_TA2804	50000000	60000000	123
chr5G_TA2804	60000000	70000000	93
chr5G_TA2804	70000000	80000000	92
chr5G_TA2804	80000000	90000000	99
chr5G_TA2804	90000000	100000000	80
chr5G_TA2804	100000000	110000000	72
chr5G_TA2804	110000000	120000000	87
chr5G_TA2804	120000000	130000000	91
chr5G_TA2804	130000000	140000000	73
chr5G_TA2804	140000000	150000000	45
chr5G_TA2804	150000000	160000000	29
chr5G_TA2804	160000000	170000000	23
chr5G_TA2804	170000000	180000000	29
chr5G_TA2804	180000000	190000000	35
chr5G_TA2804	190000000	200000000	21
chr5G_TA2804	200000000	210000000	32
chr5G_TA2804	210000000	220000000	43
chr5G_TA2804	220000000	230000000	53
chr5G_TA2804	230000000	240000000	59
chr5G_TA2804	240000000	250000000	63
chr5G_TA2804	250000000	260000000	56
chr5G_TA2804	260000000	270000000	81
chr5G_TA2804	270000000	280000000	76
chr5G_TA2804	280000000	290000000	72
chr5G_TA2804	290000000	300000000	83
chr5G_TA2804	300000000	310000000	103
chr5G_TA2804	310000000	320000000	108
chr5G_TA2804	320000000	330000000	102
chr5G_TA2804	330000000	340000000	75
chr5G_TA2804	340000000	350000000	87
chr5G_TA2804	350000000	360000000	75
chr5G_TA2804	360000000	370000000	86
chr5G_TA2804	370000000	380000000	55
chr5G_TA2804	380000000	390000000	94
chr5G_TA2804	390000000	400000000	117
chr5G_TA2804	400000000	410000000	108
chr5G_TA2804	410000000	420000000	110
chr5G_TA2804	420000000	430000000	165
chr5G_TA2804	430000000	440000000	109
chr5G_TA2804	440000000	450000000	117
chr5G_TA2804	450000000	460000000	158
chr5G_TA2804	460000000	470000000	155
chr5G_TA2804	470000000	480000000	139
chr5G_TA2804	480000000	490000000	180
chr5G_TA2804	490000000	500000000	131
chr5G_TA2804	500000000	510000000	113
chr5G_TA2804	510000000	520000000	115
chr5G_TA2804	520000000	530000000	129
chr5G_TA2804	530000000	540000000	131
chr5G_TA2804	540000000	550000000	116
chr5G_TA2804	550000000	560000000	186
chr5G_TA2804	560000000	570000000	137
chr5G_TA2804	570000000	580000000	93
chr5G_TA2804	580000000	590000000	170
chr5G_TA2804	590000000	600000000	141
chr5G_TA2804	600000000	610000000	205
chr5G_TA2804	610000000	620000000	195
chr5G_TA2804	620000000	630000000	182
chr5G_TA2804	630000000	640000000	168
chr5G_TA2804	640000000	649451578	189
chr6G_TA2804	0	10000000	147
chr6G_TA2804	10000000	20000000	195
chr6G_TA2804	20000000	30000000	183
chr6G_TA2804	30000000	40000000	186
chr6G_TA2804	40000000	50000000	95
chr6G_TA2804	50000000	60000000	171
chr6G_TA2804	60000000	70000000	221
chr6G_TA2804	70000000	80000000	155
chr6G_TA2804	80000000	90000000	112
chr6G_TA2804	90000000	100000000	99
chr6G_TA2804	100000000	110000000	48
chr6G_TA2804	110000000	120000000	116
chr6G_TA2804	120000000	130000000	118
chr6G_TA2804	130000000	140000000	102
chr6G_TA2804	140000000	150000000	125
chr6G_TA2804	150000000	160000000	118
chr6G_TA2804	160000000	170000000	71
chr6G_TA2804	170000000	180000000	79
chr6G_TA2804	180000000	190000000	86
chr6G_TA2804	190000000	200000000	40
chr6G_TA2804	200000000	210000000	80
chr6G_TA2804	210000000	220000000	59
chr6G_TA2804	220000000	230000000	49
chr6G_TA2804	230000000	240000000	68
chr6G_TA2804	240000000	250000000	48
chr6G_TA2804	250000000	260000000	44
chr6G_TA2804	260000000	270000000	28
chr6G_TA2804	270000000	280000000	17
chr6G_TA2804	280000000	290000000	25
chr6G_TA2804	290000000	300000000	19
chr6G_TA2804	300000000	310000000	29
chr6G_TA2804	310000000	320000000	23
chr6G_TA2804	320000000	330000000	27
chr6G_TA2804	330000000	340000000	36
chr6G_TA2804	340000000	350000000	30
chr6G_TA2804	350000000	360000000	42
chr6G_TA2804	360000000	370000000	61
chr6G_TA2804	370000000	380000000	76
chr6G_TA2804	380000000	390000000	55
chr6G_TA2804	390000000	400000000	70
chr6G_TA2804	400000000	410000000	61
chr6G_TA2804	410000000	420000000	97
chr6G_TA2804	420000000	430000000	92
chr6G_TA2804	430000000	440000000	68
chr6G_TA2804	440000000	450000000	86
chr6G_TA2804	450000000	460000000	108
chr6G_TA2804	460000000	470000000	90
chr6G_TA2804	470000000	480000000	122
chr6G_TA2804	480000000	490000000	129
chr6G_TA2804	490000000	500000000	42
chr6G_TA2804	500000000	510000000	62
chr6G_TA2804	510000000	520000000	136
chr6G_TA2804	520000000	530000000	105
chr6G_TA2804	530000000	540000000	151
chr6G_TA2804	540000000	550000000	155
chr6G_TA2804	550000000	560000000	127
chr6G_TA2804	560000000	570000000	185
chr6G_TA2804	570000000	580000000	184
chr6G_TA2804	580000000	590000000	235
chr6G_TA2804	590000000	599005360	205
chr7G_TA2804	0	10000000	227
chr7G_TA2804	10000000	20000000	171
chr7G_TA2804	20000000	30000000	210
chr7G_TA2804	30000000	40000000	218
chr7G_TA2804	40000000	50000000	158
chr7G_TA2804	50000000	60000000	114
chr7G_TA2804	60000000	70000000	156
chr7G_TA2804	70000000	80000000	156
chr7G_TA2804	80000000	90000000	180
chr7G_TA2804	90000000	100000000	115
chr7G_TA2804	100000000	110000000	151
chr7G_TA2804	110000000	120000000	141
chr7G_TA2804	120000000	130000000	111
chr7G_TA2804	130000000	140000000	69
chr7G_TA2804	140000000	150000000	126
chr7G_TA2804	150000000	160000000	100
chr7G_TA2804	160000000	170000000	117
chr7G_TA2804	170000000	180000000	107
chr7G_TA2804	180000000	190000000	91
chr7G_TA2804	190000000	200000000	81
chr7G_TA2804	200000000	210000000	103
chr7G_TA2804	210000000	220000000	71
chr7G_TA2804	220000000	230000000	115
chr7G_TA2804	230000000	240000000	87
chr7G_TA2804	240000000	250000000	76
chr7G_TA2804	250000000	260000000	78
chr7G_TA2804	260000000	270000000	63
chr7G_TA2804	270000000	280000000	72
chr7G_TA2804	280000000	290000000	56
chr7G_TA2804	290000000	300000000	67
chr7G_TA2804	300000000	310000000	26
chr7G_TA2804	310000000	320000000	36
chr7G_TA2804	320000000	330000000	16
chr7G_TA2804	330000000	340000000	23
chr7G_TA2804	340000000	350000000	21
chr7G_TA2804	350000000	360000000	17
chr7G_TA2804	360000000	370000000	36
chr7G_TA2804	370000000	380000000	27
chr7G_TA2804	380000000	390000000	34
chr7G_TA2804	390000000	400000000	35
chr7G_TA2804	400000000	410000000	61
chr7G_TA2804	410000000	420000000	88
chr7G_TA2804	420000000	430000000	68
chr7G_TA2804	430000000	440000000	68
chr7G_TA2804	440000000	450000000	87
chr7G_TA2804	450000000	460000000	67
chr7G_TA2804	460000000	470000000	99
chr7G_TA2804	470000000	480000000	97
chr7G_TA2804	480000000	490000000	93
chr7G_TA2804	490000000	500000000	90
chr7G_TA2804	500000000	510000000	91
chr7G_TA2804	510000000	520000000	110
chr7G_TA2804	520000000	530000000	128
chr7G_TA2804	530000000	540000000	76
chr7G_TA2804	540000000	550000000	101
chr7G_TA2804	550000000	560000000	115
chr7G_TA2804	560000000	570000000	139
chr7G_TA2804	570000000	580000000	88
chr7G_TA2804	580000000	590000000	85
chr7G_TA2804	590000000	600000000	113
chr7G_TA2804	600000000	610000000	187
chr7G_TA2804	610000000	620000000	136
chr7G_TA2804	620000000	630000000	136
chr7G_TA2804	630000000	640000000	125
chr7G_TA2804	640000000	650000000	164
chr7G_TA2804	650000000	660000000	198
chr7G_TA2804	660000000	670000000	142
chr7G_TA2804	670000000	680000000	177
chr7G_TA2804	680000000	690000000	125
chr7G_TA2804	690000000	696135035	161
