Chr	Start	End	density
chr1A_TA2804	0	10000000	2404
chr1A_TA2804	10000001	20000000	1279
chr1A_TA2804	20000001	30000000	1629
chr1A_TA2804	30000001	40000000	2212
chr1A_TA2804	40000001	50000000	2516
chr1A_TA2804	50000001	60000000	2510
chr1A_TA2804	60000001	70000000	2527
chr1A_TA2804	70000001	80000000	3111
chr1A_TA2804	80000001	90000000	2851
chr1A_TA2804	90000001	100000000	3093
chr1A_TA2804	100000001	110000000	3099
chr1A_TA2804	110000001	120000000	3507
chr1A_TA2804	120000001	130000000	3362
chr1A_TA2804	130000001	140000000	3040
chr1A_TA2804	140000001	150000000	3572
chr1A_TA2804	150000001	160000000	3822
chr1A_TA2804	160000001	170000000	3726
chr1A_TA2804	170000001	180000000	3217
chr1A_TA2804	180000001	190000000	3286
chr1A_TA2804	190000001	200000000	4483
chr1A_TA2804	200000001	210000000	4820
chr1A_TA2804	210000001	220000000	3687
chr1A_TA2804	220000001	230000000	5972
chr1A_TA2804	230000001	240000000	5367
chr1A_TA2804	240000001	250000000	4001
chr1A_TA2804	250000001	260000000	3174
chr1A_TA2804	260000001	270000000	3022
chr1A_TA2804	270000001	280000000	3309
chr1A_TA2804	280000001	290000000	3319
chr1A_TA2804	290000001	300000000	3528
chr1A_TA2804	300000001	310000000	2800
chr1A_TA2804	310000001	320000000	3164
chr1A_TA2804	320000001	330000000	3407
chr1A_TA2804	330000001	340000000	3255
chr1A_TA2804	340000001	350000000	3391
chr1A_TA2804	350000001	360000000	3401
chr1A_TA2804	360000001	370000000	3222
chr1A_TA2804	370000001	380000000	3078
chr1A_TA2804	380000001	390000000	3089
chr1A_TA2804	390000001	400000000	2985
chr1A_TA2804	400000001	410000000	3041
chr1A_TA2804	410000001	420000000	3161
chr1A_TA2804	420000001	430000000	3039
chr1A_TA2804	430000001	440000000	2619
chr1A_TA2804	440000001	450000000	3209
chr1A_TA2804	450000001	460000000	3057
chr1A_TA2804	460000001	470000000	3181
chr1A_TA2804	470000001	480000000	3039
chr1A_TA2804	480000001	490000000	3277
chr1A_TA2804	490000001	500000000	2993
chr1A_TA2804	500000001	510000000	2696
chr1A_TA2804	510000001	520000000	2641
chr1A_TA2804	520000001	530000000	2359
chr1A_TA2804	530000001	540000000	2923
chr1A_TA2804	540000001	550000000	2462
chr1A_TA2804	550000001	560000000	2514
chr1A_TA2804	560000001	570000000	1874
chr1A_TA2804	570000001	580000000	2238
chr1A_TA2804	580000001	590000000	2249
chr1A_TA2804	590000001	600000000	1842
chr1A_TA2804	600000001	610000000	1722
chr1A_TA2804	610000001	613121534	875
chr2A_TA2804	1	10000000	1185
chr2A_TA2804	10000001	20000000	1336
chr2A_TA2804	20000001	30000000	1430
chr2A_TA2804	30000001	40000000	1202
chr2A_TA2804	40000001	50000000	1286
chr2A_TA2804	50000001	60000000	1704
chr2A_TA2804	60000001	70000000	1859
chr2A_TA2804	70000001	80000000	1923
chr2A_TA2804	80000001	90000000	1904
chr2A_TA2804	90000001	100000000	2013
chr2A_TA2804	100000001	110000000	2164
chr2A_TA2804	110000001	120000000	2437
chr2A_TA2804	120000001	130000000	2354
chr2A_TA2804	130000001	140000000	2443
chr2A_TA2804	140000001	150000000	2269
chr2A_TA2804	150000001	160000000	2264
chr2A_TA2804	160000001	170000000	2517
chr2A_TA2804	170000001	180000000	2342
chr2A_TA2804	180000001	190000000	2409
chr2A_TA2804	190000001	200000000	2316
chr2A_TA2804	200000001	210000000	2160
chr2A_TA2804	210000001	220000000	2605
chr2A_TA2804	220000001	230000000	2801
chr2A_TA2804	230000001	240000000	2983
chr2A_TA2804	240000001	250000000	2736
chr2A_TA2804	250000001	260000000	2930
chr2A_TA2804	260000001	270000000	2770
chr2A_TA2804	270000001	280000000	2788
chr2A_TA2804	280000001	290000000	2826
chr2A_TA2804	290000001	300000000	3322
chr2A_TA2804	300000001	310000000	3395
chr2A_TA2804	310000001	320000000	2731
chr2A_TA2804	320000001	330000000	3117
chr2A_TA2804	330000001	340000000	3699
chr2A_TA2804	340000001	350000000	4115
chr2A_TA2804	350000001	360000000	3455
chr2A_TA2804	360000001	370000000	2607
chr2A_TA2804	370000001	380000000	2414
chr2A_TA2804	380000001	390000000	2461
chr2A_TA2804	390000001	400000000	2411
chr2A_TA2804	400000001	410000000	2638
chr2A_TA2804	410000001	420000000	2395
chr2A_TA2804	420000001	430000000	2651
chr2A_TA2804	430000001	440000000	2454
chr2A_TA2804	440000001	450000000	2518
chr2A_TA2804	450000001	460000000	2452
chr2A_TA2804	460000001	470000000	2435
chr2A_TA2804	470000001	480000000	2667
chr2A_TA2804	480000001	490000000	2519
chr2A_TA2804	490000001	500000000	2339
chr2A_TA2804	500000001	510000000	2350
chr2A_TA2804	510000001	520000000	2303
chr2A_TA2804	520000001	530000000	2342
chr2A_TA2804	530000001	540000000	2578
chr2A_TA2804	540000001	550000000	2635
chr2A_TA2804	550000001	560000000	2191
chr2A_TA2804	560000001	570000000	2327
chr2A_TA2804	570000001	580000000	2257
chr2A_TA2804	580000001	590000000	2349
chr2A_TA2804	590000001	600000000	1942
chr2A_TA2804	600000001	610000000	2256
chr2A_TA2804	610000001	620000000	2264
chr2A_TA2804	620000001	630000000	2430
chr2A_TA2804	630000001	640000000	2433
chr2A_TA2804	640000001	650000000	2063
chr2A_TA2804	650000001	660000000	2047
chr2A_TA2804	660000001	670000000	1977
chr2A_TA2804	670000001	680000000	1883
chr2A_TA2804	680000001	690000000	1967
chr2A_TA2804	690000001	700000000	1516
chr2A_TA2804	700000001	710000000	1658
chr2A_TA2804	710000001	720000000	1718
chr2A_TA2804	720000001	730000000	1599
chr2A_TA2804	730000001	740000000	1291
chr2A_TA2804	740000001	750000000	1174
chr2A_TA2804	750000001	760000000	1282
chr2A_TA2804	760000001	768562081	870
chr3A_TA2804	1	10000000	1085
chr3A_TA2804	10000001	20000000	1674
chr3A_TA2804	20000001	30000000	1834
chr3A_TA2804	30000001	40000000	1896
chr3A_TA2804	40000001	50000000	2181
chr3A_TA2804	50000001	60000000	2325
chr3A_TA2804	60000001	70000000	2815
chr3A_TA2804	70000001	80000000	2767
chr3A_TA2804	80000001	90000000	2458
chr3A_TA2804	90000001	100000000	2652
chr3A_TA2804	100000001	110000000	2740
chr3A_TA2804	110000001	120000000	2641
chr3A_TA2804	120000001	130000000	2738
chr3A_TA2804	130000001	140000000	3056
chr3A_TA2804	140000001	150000000	2654
chr3A_TA2804	150000001	160000000	2625
chr3A_TA2804	160000001	170000000	2593
chr3A_TA2804	170000001	180000000	2797
chr3A_TA2804	180000001	190000000	2787
chr3A_TA2804	190000001	200000000	2854
chr3A_TA2804	200000001	210000000	2572
chr3A_TA2804	210000001	220000000	2889
chr3A_TA2804	220000001	230000000	2656
chr3A_TA2804	230000001	240000000	1998
chr3A_TA2804	240000001	250000000	3003
chr3A_TA2804	250000001	260000000	2890
chr3A_TA2804	260000001	270000000	3338
chr3A_TA2804	270000001	280000000	2996
chr3A_TA2804	280000001	290000000	3222
chr3A_TA2804	290000001	300000000	3445
chr3A_TA2804	300000001	310000000	4824
chr3A_TA2804	310000001	320000000	6102
chr3A_TA2804	320000001	330000000	3659
chr3A_TA2804	330000001	340000000	3050
chr3A_TA2804	340000001	350000000	3028
chr3A_TA2804	350000001	360000000	2791
chr3A_TA2804	360000001	370000000	2961
chr3A_TA2804	370000001	380000000	2563
chr3A_TA2804	380000001	390000000	2764
chr3A_TA2804	390000001	400000000	2758
chr3A_TA2804	400000001	410000000	2862
chr3A_TA2804	410000001	420000000	2778
chr3A_TA2804	420000001	430000000	2566
chr3A_TA2804	430000001	440000000	2755
chr3A_TA2804	440000001	450000000	2599
chr3A_TA2804	450000001	460000000	2609
chr3A_TA2804	460000001	470000000	2542
chr3A_TA2804	470000001	480000000	2470
chr3A_TA2804	480000001	490000000	2592
chr3A_TA2804	490000001	500000000	2662
chr3A_TA2804	500000001	510000000	2576
chr3A_TA2804	510000001	520000000	2537
chr3A_TA2804	520000001	530000000	2780
chr3A_TA2804	530000001	540000000	2351
chr3A_TA2804	540000001	550000000	2603
chr3A_TA2804	550000001	560000000	2633
chr3A_TA2804	560000001	570000000	2650
chr3A_TA2804	570000001	580000000	2810
chr3A_TA2804	580000001	590000000	2379
chr3A_TA2804	590000001	600000000	2682
chr3A_TA2804	600000001	610000000	2557
chr3A_TA2804	610000001	620000000	2521
chr3A_TA2804	620000001	630000000	2276
chr3A_TA2804	630000001	640000000	2447
chr3A_TA2804	640000001	650000000	2536
chr3A_TA2804	650000001	660000000	2441
chr3A_TA2804	660000001	670000000	2105
chr3A_TA2804	670000001	670699037	153
chr4A_TA2804	1	10000000	1585
chr4A_TA2804	10000001	20000000	2036
chr4A_TA2804	20000001	30000000	2422
chr4A_TA2804	30000001	40000000	2550
chr4A_TA2804	40000001	50000000	2787
chr4A_TA2804	50000001	60000000	2714
chr4A_TA2804	60000001	70000000	2776
chr4A_TA2804	70000001	80000000	3007
chr4A_TA2804	80000001	90000000	3214
chr4A_TA2804	90000001	100000000	2935
chr4A_TA2804	100000001	110000000	3111
chr4A_TA2804	110000001	120000000	2920
chr4A_TA2804	120000001	130000000	2944
chr4A_TA2804	130000001	140000000	3010
chr4A_TA2804	140000001	150000000	3189
chr4A_TA2804	150000001	160000000	3088
chr4A_TA2804	160000001	170000000	3294
chr4A_TA2804	170000001	180000000	2993
chr4A_TA2804	180000001	190000000	3430
chr4A_TA2804	190000001	200000000	3832
chr4A_TA2804	200000001	210000000	3635
chr4A_TA2804	210000001	220000000	3154
chr4A_TA2804	220000001	230000000	3692
chr4A_TA2804	230000001	240000000	3562
chr4A_TA2804	240000001	250000000	3450
chr4A_TA2804	250000001	260000000	5247
chr4A_TA2804	260000001	270000000	3884
chr4A_TA2804	270000001	280000000	3829
chr4A_TA2804	280000001	290000000	4024
chr4A_TA2804	290000001	300000000	3840
chr4A_TA2804	300000001	310000000	3921
chr4A_TA2804	310000001	320000000	3635
chr4A_TA2804	320000001	330000000	3872
chr4A_TA2804	330000001	340000000	3392
chr4A_TA2804	340000001	350000000	3421
chr4A_TA2804	350000001	360000000	3404
chr4A_TA2804	360000001	370000000	3639
chr4A_TA2804	370000001	380000000	3741
chr4A_TA2804	380000001	390000000	3774
chr4A_TA2804	390000001	400000000	3510
chr4A_TA2804	400000001	410000000	3210
chr4A_TA2804	410000001	420000000	3180
chr4A_TA2804	420000001	430000000	3507
chr4A_TA2804	430000001	440000000	2974
chr4A_TA2804	440000001	450000000	3028
chr4A_TA2804	450000001	460000000	2857
chr4A_TA2804	460000001	470000000	3180
chr4A_TA2804	470000001	480000000	3218
chr4A_TA2804	480000001	490000000	2963
chr4A_TA2804	490000001	500000000	3186
chr4A_TA2804	500000001	510000000	2889
chr4A_TA2804	510000001	520000000	2884
chr4A_TA2804	520000001	530000000	2886
chr4A_TA2804	530000001	540000000	3090
chr4A_TA2804	540000001	550000000	2949
chr4A_TA2804	550000001	560000000	2584
chr4A_TA2804	560000001	570000000	2783
chr4A_TA2804	570000001	580000000	2564
chr4A_TA2804	580000001	590000000	2414
chr4A_TA2804	590000001	600000000	2333
chr4A_TA2804	600000001	610000000	2111
chr4A_TA2804	610000001	620000000	1618
chr4A_TA2804	620000001	630000000	1435
chr4A_TA2804	630000001	640000000	2118
chr4A_TA2804	640000001	650000000	2418
chr4A_TA2804	650000001	660000000	2169
chr4A_TA2804	660000001	670000000	1977
chr4A_TA2804	670000001	680000000	1705
chr4A_TA2804	680000001	690000000	1601
chr4A_TA2804	690000001	700000000	1637
chr4A_TA2804	700000001	710000000	1946
chr4A_TA2804	710000001	720000000	1668
chr4A_TA2804	720000001	730000000	1868
chr4A_TA2804	730000001	740000000	1783
chr4A_TA2804	740000001	750000000	2002
chr4A_TA2804	750000001	760000000	1637
chr4A_TA2804	760000001	770000000	1634
chr4A_TA2804	770000001	772671662	518
chr5A_TA2804	1	10000000	1569
chr5A_TA2804	10000001	20000000	2051
chr5A_TA2804	20000001	30000000	2477
chr5A_TA2804	30000001	40000000	2012
chr5A_TA2804	40000001	50000000	2218
chr5A_TA2804	50000001	60000000	2500
chr5A_TA2804	60000001	70000000	2232
chr5A_TA2804	70000001	80000000	2468
chr5A_TA2804	80000001	90000000	2584
chr5A_TA2804	90000001	100000000	2586
chr5A_TA2804	100000001	110000000	2870
chr5A_TA2804	110000001	120000000	2587
chr5A_TA2804	120000001	130000000	2530
chr5A_TA2804	130000001	140000000	2777
chr5A_TA2804	140000001	150000000	2932
chr5A_TA2804	150000001	160000000	2809
chr5A_TA2804	160000001	170000000	3078
chr5A_TA2804	170000001	180000000	2979
chr5A_TA2804	180000001	190000000	2998
chr5A_TA2804	190000001	200000000	3180
chr5A_TA2804	200000001	210000000	2926
chr5A_TA2804	210000001	220000000	2906
chr5A_TA2804	220000001	230000000	3918
chr5A_TA2804	230000001	240000000	5517
chr5A_TA2804	240000001	250000000	3562
chr5A_TA2804	250000001	260000000	2931
chr5A_TA2804	260000001	270000000	2838
chr5A_TA2804	270000001	280000000	2779
chr5A_TA2804	280000001	290000000	2660
chr5A_TA2804	290000001	300000000	2408
chr5A_TA2804	300000001	310000000	2620
chr5A_TA2804	310000001	320000000	2452
chr5A_TA2804	320000001	330000000	2514
chr5A_TA2804	330000001	340000000	2798
chr5A_TA2804	340000001	350000000	2733
chr5A_TA2804	350000001	360000000	2695
chr5A_TA2804	360000001	370000000	2443
chr5A_TA2804	370000001	380000000	2498
chr5A_TA2804	380000001	390000000	2552
chr5A_TA2804	390000001	400000000	2638
chr5A_TA2804	400000001	410000000	2546
chr5A_TA2804	410000001	420000000	2443
chr5A_TA2804	420000001	430000000	2546
chr5A_TA2804	430000001	440000000	2545
chr5A_TA2804	440000001	450000000	2327
chr5A_TA2804	450000001	460000000	2383
chr5A_TA2804	460000001	470000000	2145
chr5A_TA2804	470000001	480000000	2438
chr5A_TA2804	480000001	490000000	2441
chr5A_TA2804	490000001	500000000	2221
chr5A_TA2804	500000001	510000000	2551
chr5A_TA2804	510000001	520000000	2237
chr5A_TA2804	520000001	530000000	2284
chr5A_TA2804	530000001	540000000	1769
chr5A_TA2804	540000001	550000000	1973
chr5A_TA2804	550000001	560000000	1579
chr5A_TA2804	560000001	570000000	1456
chr5A_TA2804	570000001	580000000	2320
chr5A_TA2804	580000001	590000000	2226
chr5A_TA2804	590000001	600000000	1906
chr5A_TA2804	600000001	610000000	2181
chr5A_TA2804	610000001	614132190	655
chr6A_TA2804	1	10000000	1216
chr6A_TA2804	10000001	20000000	1312
chr6A_TA2804	20000001	30000000	2364
chr6A_TA2804	30000001	40000000	1962
chr6A_TA2804	40000001	50000000	1822
chr6A_TA2804	50000001	60000000	1686
chr6A_TA2804	60000001	70000000	2914
chr6A_TA2804	70000001	80000000	2833
chr6A_TA2804	80000001	90000000	2646
chr6A_TA2804	90000001	100000000	2453
chr6A_TA2804	100000001	110000000	2153
chr6A_TA2804	110000001	120000000	2486
chr6A_TA2804	120000001	130000000	2740
chr6A_TA2804	130000001	140000000	2915
chr6A_TA2804	140000001	150000000	2661
chr6A_TA2804	150000001	160000000	2813
chr6A_TA2804	160000001	170000000	2874
chr6A_TA2804	170000001	180000000	3154
chr6A_TA2804	180000001	190000000	2777
chr6A_TA2804	190000001	200000000	3213
chr6A_TA2804	200000001	210000000	3115
chr6A_TA2804	210000001	220000000	3394
chr6A_TA2804	220000001	230000000	3085
chr6A_TA2804	230000001	240000000	3916
chr6A_TA2804	240000001	250000000	4042
chr6A_TA2804	250000001	260000000	4791
chr6A_TA2804	260000001	270000000	3220
chr6A_TA2804	270000001	280000000	3369
chr6A_TA2804	280000001	290000000	3099
chr6A_TA2804	290000001	300000000	3391
chr6A_TA2804	300000001	310000000	3209
chr6A_TA2804	310000001	320000000	3257
chr6A_TA2804	320000001	330000000	3640
chr6A_TA2804	330000001	340000000	2937
chr6A_TA2804	340000001	350000000	2971
chr6A_TA2804	350000001	360000000	2853
chr6A_TA2804	360000001	370000000	3094
chr6A_TA2804	370000001	380000000	3140
chr6A_TA2804	380000001	390000000	2895
chr6A_TA2804	390000001	400000000	2850
chr6A_TA2804	400000001	410000000	2810
chr6A_TA2804	410000001	420000000	2937
chr6A_TA2804	420000001	430000000	2891
chr6A_TA2804	430000001	440000000	3057
chr6A_TA2804	440000001	450000000	2964
chr6A_TA2804	450000001	460000000	2754
chr6A_TA2804	460000001	470000000	2616
chr6A_TA2804	470000001	480000000	2938
chr6A_TA2804	480000001	490000000	2450
chr6A_TA2804	490000001	500000000	2512
chr6A_TA2804	500000001	510000000	2563
chr6A_TA2804	510000001	520000000	2425
chr6A_TA2804	520000001	530000000	2566
chr6A_TA2804	530000001	540000000	2105
chr6A_TA2804	540000001	550000000	2246
chr6A_TA2804	550000001	560000000	1622
chr6A_TA2804	560000001	570000000	1839
chr6A_TA2804	570000001	580000000	1215
chr6A_TA2804	580000001	582428954	361
chr7A_TA2804	1	10000000	986
chr7A_TA2804	10000001	20000000	1303
chr7A_TA2804	20000001	30000000	1150
chr7A_TA2804	30000001	40000000	1245
chr7A_TA2804	40000001	50000000	1535
chr7A_TA2804	50000001	60000000	1571
chr7A_TA2804	60000001	70000000	1778
chr7A_TA2804	70000001	80000000	1904
chr7A_TA2804	80000001	90000000	1883
chr7A_TA2804	90000001	100000000	2155
chr7A_TA2804	100000001	110000000	2639
chr7A_TA2804	110000001	120000000	1915
chr7A_TA2804	120000001	130000000	2092
chr7A_TA2804	130000001	140000000	2193
chr7A_TA2804	140000001	150000000	2375
chr7A_TA2804	150000001	160000000	2557
chr7A_TA2804	160000001	170000000	2144
chr7A_TA2804	170000001	180000000	2385
chr7A_TA2804	180000001	190000000	2301
chr7A_TA2804	190000001	200000000	2286
chr7A_TA2804	200000001	210000000	2392
chr7A_TA2804	210000001	220000000	2267
chr7A_TA2804	220000001	230000000	2730
chr7A_TA2804	230000001	240000000	2452
chr7A_TA2804	240000001	250000000	2349
chr7A_TA2804	250000001	260000000	2378
chr7A_TA2804	260000001	270000000	2547
chr7A_TA2804	270000001	280000000	2519
chr7A_TA2804	280000001	290000000	2403
chr7A_TA2804	290000001	300000000	2763
chr7A_TA2804	300000001	310000000	2469
chr7A_TA2804	310000001	320000000	2755
chr7A_TA2804	320000001	330000000	2925
chr7A_TA2804	330000001	340000000	2833
chr7A_TA2804	340000001	350000000	2695
chr7A_TA2804	350000001	360000000	3380
chr7A_TA2804	360000001	370000000	4504
chr7A_TA2804	370000001	380000000	3768
chr7A_TA2804	380000001	390000000	3114
chr7A_TA2804	390000001	400000000	3746
chr7A_TA2804	400000001	410000000	2906
chr7A_TA2804	410000001	420000000	2549
chr7A_TA2804	420000001	430000000	2676
chr7A_TA2804	430000001	440000000	2259
chr7A_TA2804	440000001	450000000	2356
chr7A_TA2804	450000001	460000000	2405
chr7A_TA2804	460000001	470000000	2467
chr7A_TA2804	470000001	480000000	2312
chr7A_TA2804	480000001	490000000	2383
chr7A_TA2804	490000001	500000000	2476
chr7A_TA2804	500000001	510000000	2361
chr7A_TA2804	510000001	520000000	2524
chr7A_TA2804	520000001	530000000	2230
chr7A_TA2804	530000001	540000000	2584
chr7A_TA2804	540000001	550000000	2159
chr7A_TA2804	550000001	560000000	2372
chr7A_TA2804	560000001	570000000	2352
chr7A_TA2804	570000001	580000000	2453
chr7A_TA2804	580000001	590000000	2348
chr7A_TA2804	590000001	600000000	2551
chr7A_TA2804	600000001	610000000	2307
chr7A_TA2804	610000001	620000000	2233
chr7A_TA2804	620000001	630000000	2291
chr7A_TA2804	630000001	640000000	2090
chr7A_TA2804	640000001	650000000	1971
chr7A_TA2804	650000001	660000000	1963
chr7A_TA2804	660000001	670000000	2286
chr7A_TA2804	670000001	680000000	1657
chr7A_TA2804	680000001	690000000	2081
chr7A_TA2804	690000001	700000000	1794
chr7A_TA2804	700000001	710000000	1517
chr7A_TA2804	710000001	720000000	1641
chr7A_TA2804	720000001	730000000	1670
chr7A_TA2804	730000001	740000000	1352
chr7A_TA2804	740000001	746009334	692
chr1G_TA2804	1	10000000	679
chr1G_TA2804	10000001	20000000	1771
chr1G_TA2804	20000001	30000000	2104
chr1G_TA2804	30000001	40000000	2308
chr1G_TA2804	40000001	50000000	2458
chr1G_TA2804	50000001	60000000	2191
chr1G_TA2804	60000001	70000000	2140
chr1G_TA2804	70000001	80000000	2243
chr1G_TA2804	80000001	90000000	2459
chr1G_TA2804	90000001	100000000	2488
chr1G_TA2804	100000001	110000000	2590
chr1G_TA2804	110000001	120000000	2789
chr1G_TA2804	120000001	130000000	2935
chr1G_TA2804	130000001	140000000	3056
chr1G_TA2804	140000001	150000000	3877
chr1G_TA2804	150000001	160000000	3268
chr1G_TA2804	160000001	170000000	2403
chr1G_TA2804	170000001	180000000	2375
chr1G_TA2804	180000001	190000000	2049
chr1G_TA2804	190000001	200000000	2401
chr1G_TA2804	200000001	210000000	2153
chr1G_TA2804	210000001	220000000	2245
chr1G_TA2804	220000001	230000000	2353
chr1G_TA2804	230000001	240000000	2180
chr1G_TA2804	240000001	250000000	2472
chr1G_TA2804	250000001	260000000	2215
chr1G_TA2804	260000001	270000000	1967
chr1G_TA2804	270000001	280000000	2265
chr1G_TA2804	280000001	290000000	2153
chr1G_TA2804	290000001	300000000	2231
chr1G_TA2804	300000001	310000000	2146
chr1G_TA2804	310000001	320000000	2031
chr1G_TA2804	320000001	330000000	2581
chr1G_TA2804	330000001	340000000	2182
chr1G_TA2804	340000001	350000000	2337
chr1G_TA2804	350000001	360000000	1718
chr1G_TA2804	360000001	370000000	2298
chr1G_TA2804	370000001	380000000	2182
chr1G_TA2804	380000001	390000000	2154
chr1G_TA2804	390000001	400000000	1636
chr1G_TA2804	400000001	410000000	1844
chr1G_TA2804	410000001	420000000	1686
chr1G_TA2804	420000001	430000000	1947
chr1G_TA2804	430000001	440000000	1908
chr1G_TA2804	440000001	450000000	1438
chr1G_TA2804	450000001	460000000	1372
chr1G_TA2804	460000001	470000000	1709
chr1G_TA2804	470000001	480000000	1491
chr1G_TA2804	480000001	490000000	1362
chr1G_TA2804	490000001	497037353	756
chr2G_TA2804	1	10000000	1334
chr2G_TA2804	10000001	20000000	1934
chr2G_TA2804	20000001	30000000	1402
chr2G_TA2804	30000001	40000000	1602
chr2G_TA2804	40000001	50000000	1700
chr2G_TA2804	50000001	60000000	1924
chr2G_TA2804	60000001	70000000	1919
chr2G_TA2804	70000001	80000000	2171
chr2G_TA2804	80000001	90000000	1903
chr2G_TA2804	90000001	100000000	585
chr2G_TA2804	100000001	110000000	1057
chr2G_TA2804	110000001	120000000	2167
chr2G_TA2804	120000001	130000000	2099
chr2G_TA2804	130000001	140000000	2197
chr2G_TA2804	140000001	150000000	2525
chr2G_TA2804	150000001	160000000	2677
chr2G_TA2804	160000001	170000000	2334
chr2G_TA2804	170000001	180000000	2667
chr2G_TA2804	180000001	190000000	2426
chr2G_TA2804	190000001	200000000	2490
chr2G_TA2804	200000001	210000000	2411
chr2G_TA2804	210000001	220000000	2634
chr2G_TA2804	220000001	230000000	2555
chr2G_TA2804	230000001	240000000	2540
chr2G_TA2804	240000001	250000000	3316
chr2G_TA2804	250000001	260000000	3228
chr2G_TA2804	260000001	270000000	3005
chr2G_TA2804	270000001	280000000	3324
chr2G_TA2804	280000001	290000000	3089
chr2G_TA2804	290000001	300000000	4042
chr2G_TA2804	300000001	310000000	3144
chr2G_TA2804	310000001	320000000	3736
chr2G_TA2804	320000001	330000000	4677
chr2G_TA2804	330000001	340000000	3151
chr2G_TA2804	340000001	350000000	2967
chr2G_TA2804	350000001	360000000	2499
chr2G_TA2804	360000001	370000000	2625
chr2G_TA2804	370000001	380000000	2633
chr2G_TA2804	380000001	390000000	2638
chr2G_TA2804	390000001	400000000	2688
chr2G_TA2804	400000001	410000000	2749
chr2G_TA2804	410000001	420000000	2518
chr2G_TA2804	420000001	430000000	2574
chr2G_TA2804	430000001	440000000	2450
chr2G_TA2804	440000001	450000000	2557
chr2G_TA2804	450000001	460000000	2592
chr2G_TA2804	460000001	470000000	2474
chr2G_TA2804	470000001	480000000	2264
chr2G_TA2804	480000001	490000000	2346
chr2G_TA2804	490000001	500000000	1435
chr2G_TA2804	500000001	510000000	2525
chr2G_TA2804	510000001	520000000	2118
chr2G_TA2804	520000001	530000000	2582
chr2G_TA2804	530000001	540000000	2560
chr2G_TA2804	540000001	550000000	2520
chr2G_TA2804	550000001	560000000	2302
chr2G_TA2804	560000001	570000000	2332
chr2G_TA2804	570000001	580000000	2197
chr2G_TA2804	580000001	590000000	1856
chr2G_TA2804	590000001	600000000	2117
chr2G_TA2804	600000001	610000000	2196
chr2G_TA2804	610000001	620000000	2211
chr2G_TA2804	620000001	630000000	2200
chr2G_TA2804	630000001	640000000	2232
chr2G_TA2804	640000001	650000000	1801
chr2G_TA2804	650000001	660000000	1463
chr2G_TA2804	660000001	670000000	1782
chr2G_TA2804	670000001	680000000	1356
chr2G_TA2804	680000001	689748856	1131
chr3G_TA2804	1	10000000	1382
chr3G_TA2804	10000001	20000000	1474
chr3G_TA2804	20000001	30000000	1889
chr3G_TA2804	30000001	40000000	1832
chr3G_TA2804	40000001	50000000	2083
chr3G_TA2804	50000001	60000000	1891
chr3G_TA2804	60000001	70000000	1711
chr3G_TA2804	70000001	80000000	2237
chr3G_TA2804	80000001	90000000	2801
chr3G_TA2804	90000001	100000000	3126
chr3G_TA2804	100000001	110000000	2881
chr3G_TA2804	110000001	120000000	2647
chr3G_TA2804	120000001	130000000	2771
chr3G_TA2804	130000001	140000000	2745
chr3G_TA2804	140000001	150000000	2950
chr3G_TA2804	150000001	160000000	2735
chr3G_TA2804	160000001	170000000	3092
chr3G_TA2804	170000001	180000000	2852
chr3G_TA2804	180000001	190000000	3143
chr3G_TA2804	190000001	200000000	2841
chr3G_TA2804	200000001	210000000	2816
chr3G_TA2804	210000001	220000000	3129
chr3G_TA2804	220000001	230000000	3222
chr3G_TA2804	230000001	240000000	3293
chr3G_TA2804	240000001	250000000	3266
chr3G_TA2804	250000001	260000000	3414
chr3G_TA2804	260000001	270000000	3372
chr3G_TA2804	270000001	280000000	3504
chr3G_TA2804	280000001	290000000	4141
chr3G_TA2804	290000001	300000000	3913
chr3G_TA2804	300000001	310000000	2368
chr3G_TA2804	310000001	320000000	2971
chr3G_TA2804	320000001	330000000	2936
chr3G_TA2804	330000001	340000000	2842
chr3G_TA2804	340000001	350000000	3056
chr3G_TA2804	350000001	360000000	2910
chr3G_TA2804	360000001	370000000	2926
chr3G_TA2804	370000001	380000000	3004
chr3G_TA2804	380000001	390000000	2898
chr3G_TA2804	390000001	400000000	2684
chr3G_TA2804	400000001	410000000	2861
chr3G_TA2804	410000001	420000000	2749
chr3G_TA2804	420000001	430000000	2780
chr3G_TA2804	430000001	440000000	2623
chr3G_TA2804	440000001	450000000	2728
chr3G_TA2804	450000001	460000000	2541
chr3G_TA2804	460000001	470000000	2731
chr3G_TA2804	470000001	480000000	2554
chr3G_TA2804	480000001	490000000	2660
chr3G_TA2804	490000001	500000000	2962
chr3G_TA2804	500000001	510000000	3003
chr3G_TA2804	510000001	520000000	2745
chr3G_TA2804	520000001	530000000	2924
chr3G_TA2804	530000001	540000000	2642
chr3G_TA2804	540000001	550000000	2236
chr3G_TA2804	550000001	560000000	2603
chr3G_TA2804	560000001	570000000	2634
chr3G_TA2804	570000001	580000000	2566
chr3G_TA2804	580000001	590000000	1874
chr3G_TA2804	590000001	600000000	1791
chr3G_TA2804	600000001	610000000	1467
chr3G_TA2804	610000001	620000000	1738
chr3G_TA2804	620000001	630000000	1914
chr3G_TA2804	630000001	640000000	1652
chr3G_TA2804	640000001	650000000	1568
chr3G_TA2804	650000001	660000000	1464
chr3G_TA2804	660000001	667333744	1207
chr4G_TA2804	1	10000000	1821
chr4G_TA2804	10000001	20000000	2187
chr4G_TA2804	20000001	30000000	2088
chr4G_TA2804	30000001	40000000	2366
chr4G_TA2804	40000001	50000000	1979
chr4G_TA2804	50000001	60000000	2373
chr4G_TA2804	60000001	70000000	2090
chr4G_TA2804	70000001	80000000	2204
chr4G_TA2804	80000001	90000000	1950
chr4G_TA2804	90000001	100000000	2002
chr4G_TA2804	100000001	110000000	2013
chr4G_TA2804	110000001	120000000	2007
chr4G_TA2804	120000001	130000000	2354
chr4G_TA2804	130000001	140000000	2514
chr4G_TA2804	140000001	150000000	1348
chr4G_TA2804	150000001	160000000	1775
chr4G_TA2804	160000001	170000000	2192
chr4G_TA2804	170000001	180000000	2510
chr4G_TA2804	180000001	190000000	2234
chr4G_TA2804	190000001	200000000	2379
chr4G_TA2804	200000001	210000000	2776
chr4G_TA2804	210000001	220000000	2430
chr4G_TA2804	220000001	230000000	2725
chr4G_TA2804	230000001	240000000	2756
chr4G_TA2804	240000001	250000000	2607
chr4G_TA2804	250000001	260000000	2790
chr4G_TA2804	260000001	270000000	2470
chr4G_TA2804	270000001	280000000	2858
chr4G_TA2804	280000001	290000000	4376
chr4G_TA2804	290000001	300000000	2936
chr4G_TA2804	300000001	310000000	3289
chr4G_TA2804	310000001	320000000	3142
chr4G_TA2804	320000001	330000000	2580
chr4G_TA2804	330000001	340000000	4334
chr4G_TA2804	340000001	350000000	3384
chr4G_TA2804	350000001	360000000	3391
chr4G_TA2804	360000001	370000000	3583
chr4G_TA2804	370000001	380000000	4032
chr4G_TA2804	380000001	390000000	4017
chr4G_TA2804	390000001	400000000	3767
chr4G_TA2804	400000001	410000000	3169
chr4G_TA2804	410000001	420000000	3828
chr4G_TA2804	420000001	430000000	4057
chr4G_TA2804	430000001	440000000	3515
chr4G_TA2804	440000001	450000000	3182
chr4G_TA2804	450000001	460000000	3174
chr4G_TA2804	460000001	470000000	3043
chr4G_TA2804	470000001	480000000	3090
chr4G_TA2804	480000001	490000000	2552
chr4G_TA2804	490000001	500000000	2749
chr4G_TA2804	500000001	510000000	2600
chr4G_TA2804	510000001	520000000	2708
chr4G_TA2804	520000001	530000000	2830
chr4G_TA2804	530000001	540000000	2264
chr4G_TA2804	540000001	550000000	2438
chr4G_TA2804	550000001	560000000	2644
chr4G_TA2804	560000001	570000000	2548
chr4G_TA2804	570000001	580000000	2036
chr4G_TA2804	580000001	590000000	2642
chr4G_TA2804	590000001	600000000	2452
chr4G_TA2804	600000001	610000000	1935
chr4G_TA2804	610000001	620000000	2615
chr4G_TA2804	620000001	630000000	2438
chr4G_TA2804	630000001	640000000	2582
chr4G_TA2804	640000001	650000000	2332
chr4G_TA2804	650000001	660000000	2251
chr4G_TA2804	660000001	670000000	2460
chr4G_TA2804	670000001	680000000	2189
chr4G_TA2804	680000001	690000000	2055
chr4G_TA2804	690000001	700000000	2351
chr4G_TA2804	700000001	710000000	1864
chr4G_TA2804	710000001	720000000	1536
chr4G_TA2804	720000001	726833302	775
chr5G_TA2804	1	10000000	1131
chr5G_TA2804	10000001	20000000	1408
chr5G_TA2804	20000001	30000000	1778
chr5G_TA2804	30000001	40000000	1635
chr5G_TA2804	40000001	50000000	1412
chr5G_TA2804	50000001	60000000	2169
chr5G_TA2804	60000001	70000000	2338
chr5G_TA2804	70000001	80000000	2291
chr5G_TA2804	80000001	90000000	2572
chr5G_TA2804	90000001	100000000	2561
chr5G_TA2804	100000001	110000000	1976
chr5G_TA2804	110000001	120000000	2322
chr5G_TA2804	120000001	130000000	2601
chr5G_TA2804	130000001	140000000	2379
chr5G_TA2804	140000001	150000000	3047
chr5G_TA2804	150000001	160000000	3033
chr5G_TA2804	160000001	170000000	2942
chr5G_TA2804	170000001	180000000	2874
chr5G_TA2804	180000001	190000000	3246
chr5G_TA2804	190000001	200000000	3674
chr5G_TA2804	200000001	210000000	3400
chr5G_TA2804	210000001	220000000	2690
chr5G_TA2804	220000001	230000000	2546
chr5G_TA2804	230000001	240000000	2579
chr5G_TA2804	240000001	250000000	2581
chr5G_TA2804	250000001	260000000	2511
chr5G_TA2804	260000001	270000000	2343
chr5G_TA2804	270000001	280000000	2268
chr5G_TA2804	280000001	290000000	2459
chr5G_TA2804	290000001	300000000	2581
chr5G_TA2804	300000001	310000000	2310
chr5G_TA2804	310000001	320000000	2349
chr5G_TA2804	320000001	330000000	2405
chr5G_TA2804	330000001	340000000	1986
chr5G_TA2804	340000001	350000000	2242
chr5G_TA2804	350000001	360000000	2584
chr5G_TA2804	360000001	370000000	2432
chr5G_TA2804	370000001	380000000	1125
chr5G_TA2804	380000001	390000000	2510
chr5G_TA2804	390000001	400000000	2218
chr5G_TA2804	400000001	410000000	2079
chr5G_TA2804	410000001	420000000	2076
chr5G_TA2804	420000001	430000000	1951
chr5G_TA2804	430000001	440000000	2183
chr5G_TA2804	440000001	450000000	1580
chr5G_TA2804	450000001	460000000	2099
chr5G_TA2804	460000001	470000000	1861
chr5G_TA2804	470000001	480000000	2068
chr5G_TA2804	480000001	490000000	1554
chr5G_TA2804	490000001	500000000	2014
chr5G_TA2804	500000001	510000000	1811
chr5G_TA2804	510000001	520000000	2339
chr5G_TA2804	520000001	530000000	2298
chr5G_TA2804	530000001	540000000	2050
chr5G_TA2804	540000001	550000000	2028
chr5G_TA2804	550000001	560000000	1962
chr5G_TA2804	560000001	570000000	2016
chr5G_TA2804	570000001	580000000	2110
chr5G_TA2804	580000001	590000000	2047
chr5G_TA2804	590000001	600000000	1989
chr5G_TA2804	600000001	610000000	1816
chr5G_TA2804	610000001	620000000	1527
chr5G_TA2804	620000001	630000000	2008
chr5G_TA2804	630000001	640000000	1511
chr5G_TA2804	640000001	649451578	1290
chr6G_TA2804	1	10000000	1015
chr6G_TA2804	10000001	20000000	1288
chr6G_TA2804	20000001	30000000	1369
chr6G_TA2804	30000001	40000000	1571
chr6G_TA2804	40000001	50000000	938
chr6G_TA2804	50000001	60000000	1594
chr6G_TA2804	60000001	70000000	1457
chr6G_TA2804	70000001	80000000	2022
chr6G_TA2804	80000001	90000000	2185
chr6G_TA2804	90000001	100000000	2284
chr6G_TA2804	100000001	110000000	2796
chr6G_TA2804	110000001	120000000	1673
chr6G_TA2804	120000001	130000000	2162
chr6G_TA2804	130000001	140000000	2399
chr6G_TA2804	140000001	150000000	2151
chr6G_TA2804	150000001	160000000	2434
chr6G_TA2804	160000001	170000000	2349
chr6G_TA2804	170000001	180000000	2608
chr6G_TA2804	180000001	190000000	2617
chr6G_TA2804	190000001	200000000	2447
chr6G_TA2804	200000001	210000000	2652
chr6G_TA2804	210000001	220000000	4157
chr6G_TA2804	220000001	230000000	2592
chr6G_TA2804	230000001	240000000	2638
chr6G_TA2804	240000001	250000000	2768
chr6G_TA2804	250000001	260000000	3502
chr6G_TA2804	260000001	270000000	3787
chr6G_TA2804	270000001	280000000	3697
chr6G_TA2804	280000001	290000000	5179
chr6G_TA2804	290000001	300000000	4312
chr6G_TA2804	300000001	310000000	4905
chr6G_TA2804	310000001	320000000	3489
chr6G_TA2804	320000001	330000000	3097
chr6G_TA2804	330000001	340000000	3613
chr6G_TA2804	340000001	350000000	3624
chr6G_TA2804	350000001	360000000	4852
chr6G_TA2804	360000001	370000000	2943
chr6G_TA2804	370000001	380000000	2672
chr6G_TA2804	380000001	390000000	2847
chr6G_TA2804	390000001	400000000	2605
chr6G_TA2804	400000001	410000000	2594
chr6G_TA2804	410000001	420000000	2475
chr6G_TA2804	420000001	430000000	2357
chr6G_TA2804	430000001	440000000	2663
chr6G_TA2804	440000001	450000000	2367
chr6G_TA2804	450000001	460000000	2467
chr6G_TA2804	460000001	470000000	2553
chr6G_TA2804	470000001	480000000	2516
chr6G_TA2804	480000001	490000000	2227
chr6G_TA2804	490000001	500000000	1500
chr6G_TA2804	500000001	510000000	2442
chr6G_TA2804	510000001	520000000	2206
chr6G_TA2804	520000001	530000000	2347
chr6G_TA2804	530000001	540000000	1920
chr6G_TA2804	540000001	550000000	1929
chr6G_TA2804	550000001	560000000	1912
chr6G_TA2804	560000001	570000000	1852
chr6G_TA2804	570000001	580000000	1669
chr6G_TA2804	580000001	590000000	1148
chr6G_TA2804	590000001	599005360	1009
chr7G_TA2804	1	10000000	1201
chr7G_TA2804	10000001	20000000	1208
chr7G_TA2804	20000001	30000000	1167
chr7G_TA2804	30000001	40000000	1381
chr7G_TA2804	40000001	50000000	1285
chr7G_TA2804	50000001	60000000	1440
chr7G_TA2804	60000001	70000000	1389
chr7G_TA2804	70000001	80000000	1723
chr7G_TA2804	80000001	90000000	1879
chr7G_TA2804	90000001	100000000	1786
chr7G_TA2804	100000001	110000000	2059
chr7G_TA2804	110000001	120000000	1973
chr7G_TA2804	120000001	130000000	2121
chr7G_TA2804	130000001	140000000	1732
chr7G_TA2804	140000001	150000000	1898
chr7G_TA2804	150000001	160000000	1797
chr7G_TA2804	160000001	170000000	2097
chr7G_TA2804	170000001	180000000	2142
chr7G_TA2804	180000001	190000000	1423
chr7G_TA2804	190000001	200000000	2258
chr7G_TA2804	200000001	210000000	2298
chr7G_TA2804	210000001	220000000	2634
chr7G_TA2804	220000001	230000000	2407
chr7G_TA2804	230000001	240000000	1981
chr7G_TA2804	240000001	250000000	2527
chr7G_TA2804	250000001	260000000	2551
chr7G_TA2804	260000001	270000000	2788
chr7G_TA2804	270000001	280000000	2501
chr7G_TA2804	280000001	290000000	2947
chr7G_TA2804	290000001	300000000	2706
chr7G_TA2804	300000001	310000000	2668
chr7G_TA2804	310000001	320000000	2701
chr7G_TA2804	320000001	330000000	1760
chr7G_TA2804	330000001	340000000	3411
chr7G_TA2804	340000001	350000000	3606
chr7G_TA2804	350000001	360000000	4334
chr7G_TA2804	360000001	370000000	2840
chr7G_TA2804	370000001	380000000	3063
chr7G_TA2804	380000001	390000000	3101
chr7G_TA2804	390000001	400000000	2868
chr7G_TA2804	400000001	410000000	2911
chr7G_TA2804	410000001	420000000	2476
chr7G_TA2804	420000001	430000000	2566
chr7G_TA2804	430000001	440000000	2484
chr7G_TA2804	440000001	450000000	2487
chr7G_TA2804	450000001	460000000	2561
chr7G_TA2804	460000001	470000000	2321
chr7G_TA2804	470000001	480000000	2327
chr7G_TA2804	480000001	490000000	2335
chr7G_TA2804	490000001	500000000	2578
chr7G_TA2804	500000001	510000000	2435
chr7G_TA2804	510000001	520000000	2446
chr7G_TA2804	520000001	530000000	2244
chr7G_TA2804	530000001	540000000	2540
chr7G_TA2804	540000001	550000000	2069
chr7G_TA2804	550000001	560000000	1910
chr7G_TA2804	560000001	570000000	2178
chr7G_TA2804	570000001	580000000	1781
chr7G_TA2804	580000001	590000000	1713
chr7G_TA2804	590000001	600000000	1989
chr7G_TA2804	600000001	610000000	1603
chr7G_TA2804	610000001	620000000	1849
chr7G_TA2804	620000001	630000000	1740
chr7G_TA2804	630000001	640000000	1583
chr7G_TA2804	640000001	650000000	1405
chr7G_TA2804	650000001	660000000	1371
chr7G_TA2804	660000001	670000000	1496
chr7G_TA2804	670000001	680000000	1047
chr7G_TA2804	680000001	690000000	1607
chr7G_TA2804	690000001	696135035	790
chr1A_TA877	0	10000000	1626
chr1A_TA877	10000001	20000000	1547
chr1A_TA877	20000001	30000000	1799
chr1A_TA877	30000001	40000000	2193
chr1A_TA877	40000001	50000000	2761
chr1A_TA877	50000001	60000000	2556
chr1A_TA877	60000001	70000000	2782
chr1A_TA877	70000001	80000000	3164
chr1A_TA877	80000001	90000000	3080
chr1A_TA877	90000001	100000000	3194
chr1A_TA877	100000001	110000000	3162
chr1A_TA877	110000001	120000000	3109
chr1A_TA877	120000001	130000000	3495
chr1A_TA877	130000001	140000000	3506
chr1A_TA877	140000001	150000000	3886
chr1A_TA877	150000001	160000000	3807
chr1A_TA877	160000001	170000000	3809
chr1A_TA877	170000001	180000000	3314
chr1A_TA877	180000001	190000000	3823
chr1A_TA877	190000001	200000000	4934
chr1A_TA877	200000001	210000000	3782
chr1A_TA877	210000001	220000000	3778
chr1A_TA877	220000001	230000000	5184
chr1A_TA877	230000001	240000000	4097
chr1A_TA877	240000001	250000000	3436
chr1A_TA877	250000001	260000000	3263
chr1A_TA877	260000001	270000000	3220
chr1A_TA877	270000001	280000000	3573
chr1A_TA877	280000001	290000000	3489
chr1A_TA877	290000001	300000000	3025
chr1A_TA877	300000001	310000000	3240
chr1A_TA877	310000001	320000000	3602
chr1A_TA877	320000001	330000000	3215
chr1A_TA877	330000001	340000000	3484
chr1A_TA877	340000001	350000000	3401
chr1A_TA877	350000001	360000000	3242
chr1A_TA877	360000001	370000000	3289
chr1A_TA877	370000001	380000000	3262
chr1A_TA877	380000001	390000000	3172
chr1A_TA877	390000001	400000000	2956
chr1A_TA877	400000001	410000000	3134
chr1A_TA877	410000001	420000000	3412
chr1A_TA877	420000001	430000000	3280
chr1A_TA877	430000001	440000000	3268
chr1A_TA877	440000001	450000000	3080
chr1A_TA877	450000001	460000000	3229
chr1A_TA877	460000001	470000000	2874
chr1A_TA877	470000001	480000000	3226
chr1A_TA877	480000001	490000000	2985
chr1A_TA877	490000001	500000000	2766
chr1A_TA877	500000001	510000000	2777
chr1A_TA877	510000001	520000000	2536
chr1A_TA877	520000001	530000000	2963
chr1A_TA877	530000001	540000000	2382
chr1A_TA877	540000001	550000000	2307
chr1A_TA877	550000001	560000000	2024
chr1A_TA877	560000001	570000000	2009
chr1A_TA877	570000001	580000000	2148
chr1A_TA877	580000001	590000000	1733
chr1A_TA877	590000001	600000000	1849
chr1A_TA877	600000001	602656826	734
chr2A_TA877	1	10000000	1276
chr2A_TA877	10000001	20000000	1421
chr2A_TA877	20000001	30000000	1568
chr2A_TA877	30000001	40000000	1343
chr2A_TA877	40000001	50000000	1438
chr2A_TA877	50000001	60000000	1758
chr2A_TA877	60000001	70000000	2282
chr2A_TA877	70000001	80000000	2076
chr2A_TA877	80000001	90000000	2315
chr2A_TA877	90000001	100000000	2276
chr2A_TA877	100000001	110000000	2417
chr2A_TA877	110000001	120000000	2659
chr2A_TA877	120000001	130000000	2638
chr2A_TA877	130000001	140000000	2848
chr2A_TA877	140000001	150000000	2782
chr2A_TA877	150000001	160000000	2861
chr2A_TA877	160000001	170000000	2876
chr2A_TA877	170000001	180000000	2858
chr2A_TA877	180000001	190000000	2708
chr2A_TA877	190000001	200000000	2867
chr2A_TA877	200000001	210000000	2535
chr2A_TA877	210000001	220000000	2728
chr2A_TA877	220000001	230000000	2834
chr2A_TA877	230000001	240000000	3086
chr2A_TA877	240000001	250000000	2943
chr2A_TA877	250000001	260000000	3134
chr2A_TA877	260000001	270000000	3200
chr2A_TA877	270000001	280000000	3298
chr2A_TA877	280000001	290000000	3210
chr2A_TA877	290000001	300000000	3244
chr2A_TA877	300000001	310000000	3239
chr2A_TA877	310000001	320000000	3224
chr2A_TA877	320000001	330000000	3292
chr2A_TA877	330000001	340000000	3802
chr2A_TA877	340000001	350000000	4561
chr2A_TA877	350000001	360000000	4020
chr2A_TA877	360000001	370000000	3547
chr2A_TA877	370000001	380000000	2945
chr2A_TA877	380000001	390000000	2858
chr2A_TA877	390000001	400000000	2626
chr2A_TA877	400000001	410000000	2789
chr2A_TA877	410000001	420000000	2987
chr2A_TA877	420000001	430000000	2560
chr2A_TA877	430000001	440000000	2855
chr2A_TA877	440000001	450000000	2732
chr2A_TA877	450000001	460000000	2879
chr2A_TA877	460000001	470000000	3002
chr2A_TA877	470000001	480000000	2865
chr2A_TA877	480000001	490000000	3017
chr2A_TA877	490000001	500000000	2956
chr2A_TA877	500000001	510000000	2720
chr2A_TA877	510000001	520000000	2736
chr2A_TA877	520000001	530000000	2707
chr2A_TA877	530000001	540000000	2719
chr2A_TA877	540000001	550000000	2882
chr2A_TA877	550000001	560000000	2838
chr2A_TA877	560000001	570000000	2710
chr2A_TA877	570000001	580000000	2517
chr2A_TA877	580000001	590000000	2678
chr2A_TA877	590000001	600000000	2768
chr2A_TA877	600000001	610000000	2344
chr2A_TA877	610000001	620000000	2438
chr2A_TA877	620000001	630000000	2672
chr2A_TA877	630000001	640000000	2918
chr2A_TA877	640000001	650000000	2871
chr2A_TA877	650000001	660000000	2479
chr2A_TA877	660000001	670000000	2389
chr2A_TA877	670000001	680000000	2300
chr2A_TA877	680000001	690000000	2268
chr2A_TA877	690000001	700000000	2310
chr2A_TA877	700000001	710000000	1814
chr2A_TA877	710000001	720000000	2075
chr2A_TA877	720000001	730000000	2104
chr2A_TA877	730000001	740000000	2005
chr2A_TA877	740000001	750000000	1556
chr2A_TA877	750000001	760000000	1604
chr2A_TA877	760000001	770000000	1548
chr2A_TA877	770000001	771401179	106
chr3A_TA877	1	10000000	998
chr3A_TA877	10000001	20000000	1597
chr3A_TA877	20000001	30000000	1967
chr3A_TA877	30000001	40000000	1801
chr3A_TA877	40000001	50000000	2091
chr3A_TA877	50000001	60000000	2019
chr3A_TA877	60000001	70000000	2605
chr3A_TA877	70000001	80000000	2678
chr3A_TA877	80000001	90000000	2519
chr3A_TA877	90000001	100000000	2398
chr3A_TA877	100000001	110000000	2699
chr3A_TA877	110000001	120000000	2727
chr3A_TA877	120000001	130000000	2736
chr3A_TA877	130000001	140000000	2995
chr3A_TA877	140000001	150000000	2664
chr3A_TA877	150000001	160000000	2778
chr3A_TA877	160000001	170000000	2811
chr3A_TA877	170000001	180000000	2716
chr3A_TA877	180000001	190000000	2927
chr3A_TA877	190000001	200000000	2884
chr3A_TA877	200000001	210000000	2819
chr3A_TA877	210000001	220000000	2901
chr3A_TA877	220000001	230000000	2964
chr3A_TA877	230000001	240000000	1856
chr3A_TA877	240000001	250000000	3228
chr3A_TA877	250000001	260000000	3419
chr3A_TA877	260000001	270000000	3300
chr3A_TA877	270000001	280000000	3252
chr3A_TA877	280000001	290000000	3070
chr3A_TA877	290000001	300000000	3471
chr3A_TA877	300000001	310000000	3470
chr3A_TA877	310000001	320000000	5569
chr3A_TA877	320000001	330000000	3576
chr3A_TA877	330000001	340000000	3134
chr3A_TA877	340000001	350000000	3196
chr3A_TA877	350000001	360000000	2986
chr3A_TA877	360000001	370000000	2971
chr3A_TA877	370000001	380000000	2926
chr3A_TA877	380000001	390000000	2796
chr3A_TA877	390000001	400000000	2946
chr3A_TA877	400000001	410000000	2984
chr3A_TA877	410000001	420000000	2891
chr3A_TA877	420000001	430000000	2588
chr3A_TA877	430000001	440000000	2814
chr3A_TA877	440000001	450000000	2911
chr3A_TA877	450000001	460000000	2733
chr3A_TA877	460000001	470000000	2720
chr3A_TA877	470000001	480000000	2561
chr3A_TA877	480000001	490000000	2518
chr3A_TA877	490000001	500000000	2773
chr3A_TA877	500000001	510000000	2500
chr3A_TA877	510000001	520000000	2821
chr3A_TA877	520000001	530000000	2605
chr3A_TA877	530000001	540000000	2667
chr3A_TA877	540000001	550000000	2527
chr3A_TA877	550000001	560000000	2439
chr3A_TA877	560000001	570000000	2593
chr3A_TA877	570000001	580000000	2836
chr3A_TA877	580000001	590000000	2444
chr3A_TA877	590000001	600000000	2409
chr3A_TA877	600000001	610000000	2604
chr3A_TA877	610000001	620000000	2539
chr3A_TA877	620000001	630000000	2401
chr3A_TA877	630000001	640000000	2263
chr3A_TA877	640000001	650000000	2159
chr3A_TA877	650000001	660000000	2527
chr3A_TA877	660000001	670000000	2400
chr3A_TA877	670000001	675871483	1117
chr4A_TA877	1	10000000	1405
chr4A_TA877	10000001	20000000	2102
chr4A_TA877	20000001	30000000	2164
chr4A_TA877	30000001	40000000	2533
chr4A_TA877	40000001	50000000	2616
chr4A_TA877	50000001	60000000	2529
chr4A_TA877	60000001	70000000	2611
chr4A_TA877	70000001	80000000	2810
chr4A_TA877	80000001	90000000	2918
chr4A_TA877	90000001	100000000	2847
chr4A_TA877	100000001	110000000	3099
chr4A_TA877	110000001	120000000	2859
chr4A_TA877	120000001	130000000	2874
chr4A_TA877	130000001	140000000	2797
chr4A_TA877	140000001	150000000	3013
chr4A_TA877	150000001	160000000	3219
chr4A_TA877	160000001	170000000	3011
chr4A_TA877	170000001	180000000	2861
chr4A_TA877	180000001	190000000	3310
chr4A_TA877	190000001	200000000	3480
chr4A_TA877	200000001	210000000	3302
chr4A_TA877	210000001	220000000	3066
chr4A_TA877	220000001	230000000	3521
chr4A_TA877	230000001	240000000	3422
chr4A_TA877	240000001	250000000	3388
chr4A_TA877	250000001	260000000	7391
chr4A_TA877	260000001	270000000	4359
chr4A_TA877	270000001	280000000	4201
chr4A_TA877	280000001	290000000	5204
chr4A_TA877	290000001	300000000	4752
chr4A_TA877	300000001	310000000	3729
chr4A_TA877	310000001	320000000	3711
chr4A_TA877	320000001	330000000	3577
chr4A_TA877	330000001	340000000	3368
chr4A_TA877	340000001	350000000	3280
chr4A_TA877	350000001	360000000	3291
chr4A_TA877	360000001	370000000	3359
chr4A_TA877	370000001	380000000	3281
chr4A_TA877	380000001	390000000	3271
chr4A_TA877	390000001	400000000	3220
chr4A_TA877	400000001	410000000	3196
chr4A_TA877	410000001	420000000	3008
chr4A_TA877	420000001	430000000	3218
chr4A_TA877	430000001	440000000	3069
chr4A_TA877	440000001	450000000	2765
chr4A_TA877	450000001	460000000	2821
chr4A_TA877	460000001	470000000	3002
chr4A_TA877	470000001	480000000	2985
chr4A_TA877	480000001	490000000	2959
chr4A_TA877	490000001	500000000	2988
chr4A_TA877	500000001	510000000	2840
chr4A_TA877	510000001	520000000	2781
chr4A_TA877	520000001	530000000	2835
chr4A_TA877	530000001	540000000	2803
chr4A_TA877	540000001	550000000	2891
chr4A_TA877	550000001	560000000	2590
chr4A_TA877	560000001	570000000	2648
chr4A_TA877	570000001	580000000	2396
chr4A_TA877	580000001	590000000	2405
chr4A_TA877	590000001	600000000	2279
chr4A_TA877	600000001	610000000	2014
chr4A_TA877	610000001	620000000	1400
chr4A_TA877	620000001	630000000	1225
chr4A_TA877	630000001	640000000	1805
chr4A_TA877	640000001	650000000	2331
chr4A_TA877	650000001	660000000	2139
chr4A_TA877	660000001	670000000	1827
chr4A_TA877	670000001	680000000	1517
chr4A_TA877	680000001	690000000	1410
chr4A_TA877	690000001	700000000	1423
chr4A_TA877	700000001	710000000	1779
chr4A_TA877	710000001	720000000	1656
chr4A_TA877	720000001	730000000	1571
chr4A_TA877	730000001	740000000	1643
chr4A_TA877	740000001	750000000	1779
chr4A_TA877	750000001	760000000	1446
chr4A_TA877	760000001	770000000	1344
chr4A_TA877	770000001	773897100	770
chr5A_TA877	1	10000000	1944
chr5A_TA877	10000001	20000000	2020
chr5A_TA877	20000001	30000000	2796
chr5A_TA877	30000001	40000000	2750
chr5A_TA877	40000001	50000000	2476
chr5A_TA877	50000001	60000000	2857
chr5A_TA877	60000001	70000000	2752
chr5A_TA877	70000001	80000000	2845
chr5A_TA877	80000001	90000000	3073
chr5A_TA877	90000001	100000000	2888
chr5A_TA877	100000001	110000000	3234
chr5A_TA877	110000001	120000000	2994
chr5A_TA877	120000001	130000000	3089
chr5A_TA877	130000001	140000000	3356
chr5A_TA877	140000001	150000000	3366
chr5A_TA877	150000001	160000000	3113
chr5A_TA877	160000001	170000000	3422
chr5A_TA877	170000001	180000000	3422
chr5A_TA877	180000001	190000000	3474
chr5A_TA877	190000001	200000000	3498
chr5A_TA877	200000001	210000000	3365
chr5A_TA877	210000001	220000000	3193
chr5A_TA877	220000001	230000000	4377
chr5A_TA877	230000001	240000000	7275
chr5A_TA877	240000001	250000000	4061
chr5A_TA877	250000001	260000000	3513
chr5A_TA877	260000001	270000000	3338
chr5A_TA877	270000001	280000000	3194
chr5A_TA877	280000001	290000000	3046
chr5A_TA877	290000001	300000000	2898
chr5A_TA877	300000001	310000000	3101
chr5A_TA877	310000001	320000000	2807
chr5A_TA877	320000001	330000000	3042
chr5A_TA877	330000001	340000000	3014
chr5A_TA877	340000001	350000000	3290
chr5A_TA877	350000001	360000000	2949
chr5A_TA877	360000001	370000000	2859
chr5A_TA877	370000001	380000000	3005
chr5A_TA877	380000001	390000000	3030
chr5A_TA877	390000001	400000000	3056
chr5A_TA877	400000001	410000000	3166
chr5A_TA877	410000001	420000000	2720
chr5A_TA877	420000001	430000000	2929
chr5A_TA877	430000001	440000000	3133
chr5A_TA877	440000001	450000000	2789
chr5A_TA877	450000001	460000000	3035
chr5A_TA877	460000001	470000000	2357
chr5A_TA877	470000001	480000000	2910
chr5A_TA877	480000001	490000000	2256
chr5A_TA877	490000001	500000000	2735
chr5A_TA877	500000001	510000000	2858
chr5A_TA877	510000001	520000000	2680
chr5A_TA877	520000001	530000000	2412
chr5A_TA877	530000001	540000000	2021
chr5A_TA877	540000001	550000000	2158
chr5A_TA877	550000001	560000000	2731
chr5A_TA877	560000001	570000000	2771
chr5A_TA877	570000001	580000000	2699
chr5A_TA877	580000001	590000000	2086
chr5A_TA877	590000001	600000000	2380
chr5A_TA877	600000001	610000000	2395
chr5A_TA877	610000001	620000000	2538
chr5A_TA877	620000001	630000000	2399
chr5A_TA877	630000001	640000000	2668
chr5A_TA877	640000001	650000000	2482
chr5A_TA877	650000001	660000000	2399
chr5A_TA877	660000001	670000000	2706
chr5A_TA877	670000001	680000000	2161
chr5A_TA877	680000001	690000000	2133
chr5A_TA877	690000001	691724660	320
chr6A_TA877	1	10000000	1755
chr6A_TA877	10000001	20000000	1425
chr6A_TA877	20000001	30000000	1580
chr6A_TA877	30000001	40000000	1652
chr6A_TA877	40000001	50000000	2146
chr6A_TA877	50000001	60000000	2468
chr6A_TA877	60000001	70000000	2433
chr6A_TA877	70000001	80000000	3809
chr6A_TA877	80000001	90000000	2811
chr6A_TA877	90000001	100000000	2801
chr6A_TA877	100000001	110000000	2473
chr6A_TA877	110000001	120000000	2626
chr6A_TA877	120000001	130000000	2915
chr6A_TA877	130000001	140000000	3253
chr6A_TA877	140000001	150000000	3127
chr6A_TA877	150000001	160000000	2815
chr6A_TA877	160000001	170000000	3011
chr6A_TA877	170000001	180000000	2972
chr6A_TA877	180000001	190000000	3088
chr6A_TA877	190000001	200000000	3030
chr6A_TA877	200000001	210000000	3304
chr6A_TA877	210000001	220000000	3362
chr6A_TA877	220000001	230000000	3207
chr6A_TA877	230000001	240000000	3704
chr6A_TA877	240000001	250000000	4585
chr6A_TA877	250000001	260000000	4861
chr6A_TA877	260000001	270000000	6921
chr6A_TA877	270000001	280000000	3755
chr6A_TA877	280000001	290000000	3584
chr6A_TA877	290000001	300000000	3274
chr6A_TA877	300000001	310000000	3283
chr6A_TA877	310000001	320000000	3348
chr6A_TA877	320000001	330000000	3258
chr6A_TA877	330000001	340000000	3529
chr6A_TA877	340000001	350000000	3281
chr6A_TA877	350000001	360000000	3208
chr6A_TA877	360000001	370000000	2819
chr6A_TA877	370000001	380000000	2110
chr6A_TA877	380000001	390000000	2486
chr6A_TA877	390000001	400000000	3178
chr6A_TA877	400000001	410000000	3043
chr6A_TA877	410000001	420000000	2942
chr6A_TA877	420000001	430000000	3043
chr6A_TA877	430000001	440000000	2858
chr6A_TA877	440000001	450000000	2899
chr6A_TA877	450000001	460000000	3265
chr6A_TA877	460000001	470000000	3058
chr6A_TA877	470000001	480000000	2705
chr6A_TA877	480000001	490000000	3043
chr6A_TA877	490000001	500000000	2753
chr6A_TA877	500000001	510000000	2706
chr6A_TA877	510000001	520000000	2728
chr6A_TA877	520000001	530000000	2465
chr6A_TA877	530000001	540000000	2161
chr6A_TA877	540000001	550000000	2527
chr6A_TA877	550000001	560000000	2413
chr6A_TA877	560000001	570000000	1952
chr6A_TA877	570000001	580000000	1649
chr6A_TA877	580000001	590000000	1357
chr6A_TA877	590000001	595162121	801
chr7A_TA877	1	10000000	1157
chr7A_TA877	10000001	20000000	1689
chr7A_TA877	20000001	30000000	1337
chr7A_TA877	30000001	40000000	1502
chr7A_TA877	40000001	50000000	1637
chr7A_TA877	50000001	60000000	1795
chr7A_TA877	60000001	70000000	2192
chr7A_TA877	70000001	80000000	2240
chr7A_TA877	80000001	90000000	2372
chr7A_TA877	90000001	100000000	2512
chr7A_TA877	100000001	110000000	2481
chr7A_TA877	110000001	120000000	2340
chr7A_TA877	120000001	130000000	2561
chr7A_TA877	130000001	140000000	2707
chr7A_TA877	140000001	150000000	2922
chr7A_TA877	150000001	160000000	2856
chr7A_TA877	160000001	170000000	2499
chr7A_TA877	170000001	180000000	2928
chr7A_TA877	180000001	190000000	2805
chr7A_TA877	190000001	200000000	2754
chr7A_TA877	200000001	210000000	2866
chr7A_TA877	210000001	220000000	2927
chr7A_TA877	220000001	230000000	3269
chr7A_TA877	230000001	240000000	2981
chr7A_TA877	240000001	250000000	2795
chr7A_TA877	250000001	260000000	3005
chr7A_TA877	260000001	270000000	2992
chr7A_TA877	270000001	280000000	3014
chr7A_TA877	280000001	290000000	2835
chr7A_TA877	290000001	300000000	2763
chr7A_TA877	300000001	310000000	3077
chr7A_TA877	310000001	320000000	3329
chr7A_TA877	320000001	330000000	3403
chr7A_TA877	330000001	340000000	3287
chr7A_TA877	340000001	350000000	3332
chr7A_TA877	350000001	360000000	3517
chr7A_TA877	360000001	370000000	3801
chr7A_TA877	370000001	380000000	4490
chr7A_TA877	380000001	390000000	3527
chr7A_TA877	390000001	400000000	4069
chr7A_TA877	400000001	410000000	3006
chr7A_TA877	410000001	420000000	3054
chr7A_TA877	420000001	430000000	2794
chr7A_TA877	430000001	440000000	3117
chr7A_TA877	440000001	450000000	3428
chr7A_TA877	450000001	460000000	1312
chr7A_TA877	460000001	470000000	3187
chr7A_TA877	470000001	480000000	3162
chr7A_TA877	480000001	490000000	2875
chr7A_TA877	490000001	500000000	2808
chr7A_TA877	500000001	510000000	2882
chr7A_TA877	510000001	520000000	2771
chr7A_TA877	520000001	530000000	2666
chr7A_TA877	530000001	540000000	2988
chr7A_TA877	540000001	550000000	2640
chr7A_TA877	550000001	560000000	2685
chr7A_TA877	560000001	570000000	2558
chr7A_TA877	570000001	580000000	2343
chr7A_TA877	580000001	590000000	2568
chr7A_TA877	590000001	600000000	2480
chr7A_TA877	600000001	610000000	2786
chr7A_TA877	610000001	620000000	2229
chr7A_TA877	620000001	630000000	2850
chr7A_TA877	630000001	640000000	2535
chr7A_TA877	640000001	650000000	2538
chr7A_TA877	650000001	660000000	2668
chr7A_TA877	660000001	670000000	2419
chr7A_TA877	670000001	680000000	2449
chr7A_TA877	680000001	690000000	2112
chr7A_TA877	690000001	700000000	2556
chr7A_TA877	700000001	710000000	2075
chr7A_TA877	710000001	720000000	1521
chr7A_TA877	720000001	728204638	1113
chr1G_TA877	1	10000000	813
chr1G_TA877	10000001	20000000	1966
chr1G_TA877	20000001	30000000	2169
chr1G_TA877	30000001	40000000	2501
chr1G_TA877	40000001	50000000	2365
chr1G_TA877	50000001	60000000	2331
chr1G_TA877	60000001	70000000	2113
chr1G_TA877	70000001	80000000	2250
chr1G_TA877	80000001	90000000	2639
chr1G_TA877	90000001	100000000	2531
chr1G_TA877	100000001	110000000	2703
chr1G_TA877	110000001	120000000	2564
chr1G_TA877	120000001	130000000	3078
chr1G_TA877	130000001	140000000	3389
chr1G_TA877	140000001	150000000	6216
chr1G_TA877	150000001	160000000	3402
chr1G_TA877	160000001	170000000	2486
chr1G_TA877	170000001	180000000	2519
chr1G_TA877	180000001	190000000	2150
chr1G_TA877	190000001	200000000	2457
chr1G_TA877	200000001	210000000	2242
chr1G_TA877	210000001	220000000	2219
chr1G_TA877	220000001	230000000	2272
chr1G_TA877	230000001	240000000	2189
chr1G_TA877	240000001	250000000	2336
chr1G_TA877	250000001	260000000	2333
chr1G_TA877	260000001	270000000	2209
chr1G_TA877	270000001	280000000	2282
chr1G_TA877	280000001	290000000	2260
chr1G_TA877	290000001	300000000	2418
chr1G_TA877	300000001	310000000	2307
chr1G_TA877	310000001	320000000	2103
chr1G_TA877	320000001	330000000	2474
chr1G_TA877	330000001	340000000	2342
chr1G_TA877	340000001	350000000	2313
chr1G_TA877	350000001	360000000	1523
chr1G_TA877	360000001	370000000	2239
chr1G_TA877	370000001	380000000	2264
chr1G_TA877	380000001	390000000	2180
chr1G_TA877	390000001	400000000	1825
chr1G_TA877	400000001	410000000	1714
chr1G_TA877	410000001	420000000	1809
chr1G_TA877	420000001	430000000	1931
chr1G_TA877	430000001	440000000	2088
chr1G_TA877	440000001	450000000	1475
chr1G_TA877	450000001	460000000	1315
chr1G_TA877	460000001	470000000	1491
chr1G_TA877	470000001	480000000	1527
chr1G_TA877	480000001	490000000	1587
chr1G_TA877	490000001	499920424	798
chr2G_TA877	1	10000000	1347
chr2G_TA877	10000001	20000000	1969
chr2G_TA877	20000001	30000000	1498
chr2G_TA877	30000001	40000000	1447
chr2G_TA877	40000001	50000000	1795
chr2G_TA877	50000001	60000000	1929
chr2G_TA877	60000001	70000000	1936
chr2G_TA877	70000001	80000000	2064
chr2G_TA877	80000001	90000000	2130
chr2G_TA877	90000001	100000000	2553
chr2G_TA877	100000001	110000000	2321
chr2G_TA877	110000001	120000000	2359
chr2G_TA877	120000001	130000000	2673
chr2G_TA877	130000001	140000000	2721
chr2G_TA877	140000001	150000000	2570
chr2G_TA877	150000001	160000000	2807
chr2G_TA877	160000001	170000000	2670
chr2G_TA877	170000001	180000000	2700
chr2G_TA877	180000001	190000000	2739
chr2G_TA877	190000001	200000000	2914
chr2G_TA877	200000001	210000000	2839
chr2G_TA877	210000001	220000000	2857
chr2G_TA877	220000001	230000000	3063
chr2G_TA877	230000001	240000000	3270
chr2G_TA877	240000001	250000000	3282
chr2G_TA877	250000001	260000000	3421
chr2G_TA877	260000001	270000000	3129
chr2G_TA877	270000001	280000000	3389
chr2G_TA877	280000001	290000000	3442
chr2G_TA877	290000001	300000000	4365
chr2G_TA877	300000001	310000000	3118
chr2G_TA877	310000001	320000000	3476
chr2G_TA877	320000001	330000000	3222
chr2G_TA877	330000001	340000000	2895
chr2G_TA877	340000001	350000000	2807
chr2G_TA877	350000001	360000000	2940
chr2G_TA877	360000001	370000000	2996
chr2G_TA877	370000001	380000000	3037
chr2G_TA877	380000001	390000000	3075
chr2G_TA877	390000001	400000000	2775
chr2G_TA877	400000001	410000000	2844
chr2G_TA877	410000001	420000000	2533
chr2G_TA877	420000001	430000000	2762
chr2G_TA877	430000001	440000000	2960
chr2G_TA877	440000001	450000000	2656
chr2G_TA877	450000001	460000000	2792
chr2G_TA877	460000001	470000000	2666
chr2G_TA877	470000001	480000000	1795
chr2G_TA877	480000001	490000000	2898
chr2G_TA877	490000001	500000000	2350
chr2G_TA877	500000001	510000000	1844
chr2G_TA877	510000001	520000000	2813
chr2G_TA877	520000001	530000000	2866
chr2G_TA877	530000001	540000000	2671
chr2G_TA877	540000001	550000000	2306
chr2G_TA877	550000001	560000000	2456
chr2G_TA877	560000001	570000000	2312
chr2G_TA877	570000001	580000000	2225
chr2G_TA877	580000001	590000000	2383
chr2G_TA877	590000001	600000000	2295
chr2G_TA877	600000001	610000000	2428
chr2G_TA877	610000001	620000000	2322
chr2G_TA877	620000001	630000000	2113
chr2G_TA877	630000001	640000000	1880
chr2G_TA877	640000001	650000000	1382
chr2G_TA877	650000001	660000000	1812
chr2G_TA877	660000001	670000000	1637
chr2G_TA877	670000001	680000000	1272
chr2G_TA877	680000001	683726055	35
chr3G_TA877	1	10000000	1291
chr3G_TA877	10000001	20000000	1430
chr3G_TA877	20000001	30000000	1468
chr3G_TA877	30000001	40000000	1703
chr3G_TA877	40000001	50000000	1756
chr3G_TA877	50000001	60000000	1453
chr3G_TA877	60000001	70000000	1456
chr3G_TA877	70000001	80000000	2201
chr3G_TA877	80000001	90000000	2547
chr3G_TA877	90000001	100000000	2952
chr3G_TA877	100000001	110000000	2822
chr3G_TA877	110000001	120000000	2385
chr3G_TA877	120000001	130000000	2514
chr3G_TA877	130000001	140000000	2451
chr3G_TA877	140000001	150000000	2659
chr3G_TA877	150000001	160000000	2458
chr3G_TA877	160000001	170000000	2849
chr3G_TA877	170000001	180000000	2672
chr3G_TA877	180000001	190000000	2775
chr3G_TA877	190000001	200000000	2762
chr3G_TA877	200000001	210000000	2590
chr3G_TA877	210000001	220000000	3034
chr3G_TA877	220000001	230000000	3009
chr3G_TA877	230000001	240000000	2942
chr3G_TA877	240000001	250000000	2972
chr3G_TA877	250000001	260000000	3103
chr3G_TA877	260000001	270000000	3328
chr3G_TA877	270000001	280000000	4205
chr3G_TA877	280000001	290000000	5830
chr3G_TA877	290000001	300000000	3536
chr3G_TA877	300000001	310000000	3333
chr3G_TA877	310000001	320000000	2733
chr3G_TA877	320000001	330000000	2857
chr3G_TA877	330000001	340000000	2737
chr3G_TA877	340000001	350000000	3038
chr3G_TA877	350000001	360000000	2728
chr3G_TA877	360000001	370000000	2733
chr3G_TA877	370000001	380000000	2736
chr3G_TA877	380000001	390000000	2840
chr3G_TA877	390000001	400000000	2599
chr3G_TA877	400000001	410000000	2513
chr3G_TA877	410000001	420000000	2734
chr3G_TA877	420000001	430000000	2507
chr3G_TA877	430000001	440000000	2514
chr3G_TA877	440000001	450000000	2470
chr3G_TA877	450000001	460000000	2259
chr3G_TA877	460000001	470000000	2560
chr3G_TA877	470000001	480000000	2437
chr3G_TA877	480000001	490000000	2347
chr3G_TA877	490000001	500000000	2757
chr3G_TA877	500000001	510000000	2594
chr3G_TA877	510000001	520000000	2561
chr3G_TA877	520000001	530000000	2586
chr3G_TA877	530000001	540000000	2383
chr3G_TA877	540000001	550000000	2003
chr3G_TA877	550000001	560000000	2272
chr3G_TA877	560000001	570000000	2331
chr3G_TA877	570000001	580000000	2394
chr3G_TA877	580000001	590000000	1883
chr3G_TA877	590000001	600000000	1597
chr3G_TA877	600000001	610000000	1444
chr3G_TA877	610000001	620000000	1555
chr3G_TA877	620000001	630000000	1735
chr3G_TA877	630000001	640000000	1396
chr3G_TA877	640000001	650000000	1364
chr3G_TA877	650000001	660000000	1256
chr3G_TA877	660000001	670000000	1355
chr3G_TA877	670000001	670590195	51
chr4G_TA877	1	10000000	1775
chr4G_TA877	10000001	20000000	2287
chr4G_TA877	20000001	30000000	2228
chr4G_TA877	30000001	40000000	2126
chr4G_TA877	40000001	50000000	1532
chr4G_TA877	50000001	60000000	1820
chr4G_TA877	60000001	70000000	1097
chr4G_TA877	70000001	80000000	1900
chr4G_TA877	80000001	90000000	2135
chr4G_TA877	90000001	100000000	2605
chr4G_TA877	100000001	110000000	2289
chr4G_TA877	110000001	120000000	2236
chr4G_TA877	120000001	130000000	2660
chr4G_TA877	130000001	140000000	2681
chr4G_TA877	140000001	150000000	2441
chr4G_TA877	150000001	160000000	2901
chr4G_TA877	160000001	170000000	2730
chr4G_TA877	170000001	180000000	2733
chr4G_TA877	180000001	190000000	2452
chr4G_TA877	190000001	200000000	2976
chr4G_TA877	200000001	210000000	2867
chr4G_TA877	210000001	220000000	2900
chr4G_TA877	220000001	230000000	3286
chr4G_TA877	230000001	240000000	4093
chr4G_TA877	240000001	250000000	3809
chr4G_TA877	250000001	260000000	3111
chr4G_TA877	260000001	270000000	3233
chr4G_TA877	270000001	280000000	3337
chr4G_TA877	280000001	290000000	5148
chr4G_TA877	290000001	300000000	3357
chr4G_TA877	300000001	310000000	3933
chr4G_TA877	310000001	320000000	3178
chr4G_TA877	320000001	330000000	2945
chr4G_TA877	330000001	340000000	2858
chr4G_TA877	340000001	350000000	2533
chr4G_TA877	350000001	360000000	2541
chr4G_TA877	360000001	370000000	2671
chr4G_TA877	370000001	380000000	2793
chr4G_TA877	380000001	390000000	2650
chr4G_TA877	390000001	400000000	2404
chr4G_TA877	400000001	410000000	2658
chr4G_TA877	410000001	420000000	2782
chr4G_TA877	420000001	430000000	2756
chr4G_TA877	430000001	440000000	2410
chr4G_TA877	440000001	450000000	2676
chr4G_TA877	450000001	460000000	2641
chr4G_TA877	460000001	470000000	2514
chr4G_TA877	470000001	480000000	2640
chr4G_TA877	480000001	490000000	2557
chr4G_TA877	490000001	500000000	2472
chr4G_TA877	500000001	510000000	2551
chr4G_TA877	510000001	520000000	2667
chr4G_TA877	520000001	530000000	2320
chr4G_TA877	530000001	540000000	2474
chr4G_TA877	540000001	550000000	2110
chr4G_TA877	550000001	560000000	2123
chr4G_TA877	560000001	570000000	2018
chr4G_TA877	570000001	580000000	2600
chr4G_TA877	580000001	590000000	1939
chr4G_TA877	590000001	600000000	1996
chr4G_TA877	600000001	610000000	2025
chr4G_TA877	610000001	620000000	1386
chr4G_TA877	620000001	630000000	1553
chr4G_TA877	630000001	640000000	1898
chr4G_TA877	640000001	650000000	1433
chr4G_TA877	650000001	659442802	1391
chr5G_TA877	1	10000000	1434
chr5G_TA877	10000001	20000000	1598
chr5G_TA877	20000001	30000000	1697
chr5G_TA877	30000001	40000000	1798
chr5G_TA877	40000001	50000000	1990
chr5G_TA877	50000001	60000000	2033
chr5G_TA877	60000001	70000000	2581
chr5G_TA877	70000001	80000000	2644
chr5G_TA877	80000001	90000000	2420
chr5G_TA877	90000001	100000000	2797
chr5G_TA877	100000001	110000000	2425
chr5G_TA877	110000001	120000000	2748
chr5G_TA877	120000001	130000000	2887
chr5G_TA877	130000001	140000000	2881
chr5G_TA877	140000001	150000000	2988
chr5G_TA877	150000001	160000000	3337
chr5G_TA877	160000001	170000000	3234
chr5G_TA877	170000001	180000000	3105
chr5G_TA877	180000001	190000000	3347
chr5G_TA877	190000001	200000000	3545
chr5G_TA877	200000001	210000000	4771
chr5G_TA877	210000001	220000000	3480
chr5G_TA877	220000001	230000000	3120
chr5G_TA877	230000001	240000000	2880
chr5G_TA877	240000001	250000000	3020
chr5G_TA877	250000001	260000000	2922
chr5G_TA877	260000001	270000000	3029
chr5G_TA877	270000001	280000000	2865
chr5G_TA877	280000001	290000000	1932
chr5G_TA877	290000001	300000000	2808
chr5G_TA877	300000001	310000000	2814
chr5G_TA877	310000001	320000000	2867
chr5G_TA877	320000001	330000000	2658
chr5G_TA877	330000001	340000000	2785
chr5G_TA877	340000001	350000000	2532
chr5G_TA877	350000001	360000000	2824
chr5G_TA877	360000001	370000000	3026
chr5G_TA877	370000001	380000000	2937
chr5G_TA877	380000001	390000000	1902
chr5G_TA877	390000001	400000000	2937
chr5G_TA877	400000001	410000000	2735
chr5G_TA877	410000001	420000000	2422
chr5G_TA877	420000001	430000000	2402
chr5G_TA877	430000001	440000000	2487
chr5G_TA877	440000001	450000000	2533
chr5G_TA877	450000001	460000000	1856
chr5G_TA877	460000001	470000000	2478
chr5G_TA877	470000001	480000000	2276
chr5G_TA877	480000001	490000000	2417
chr5G_TA877	490000001	500000000	2154
chr5G_TA877	500000001	510000000	2258
chr5G_TA877	510000001	520000000	1786
chr5G_TA877	520000001	530000000	2576
chr5G_TA877	530000001	540000000	2414
chr5G_TA877	540000001	550000000	2704
chr5G_TA877	550000001	560000000	2350
chr5G_TA877	560000001	570000000	2278
chr5G_TA877	570000001	580000000	2146
chr5G_TA877	580000001	590000000	2494
chr5G_TA877	590000001	600000000	2178
chr5G_TA877	600000001	610000000	2385
chr5G_TA877	610000001	620000000	2199
chr5G_TA877	620000001	630000000	2124
chr5G_TA877	630000001	640000000	1605
chr5G_TA877	640000001	650000000	1831
chr5G_TA877	650000001	660000000	1676
chr5G_TA877	660000001	662613401	379
chr6G_TA877	1	10000000	1880
chr6G_TA877	10000001	20000000	1028
chr6G_TA877	20000001	30000000	1387
chr6G_TA877	30000001	40000000	1462
chr6G_TA877	40000001	50000000	1600
chr6G_TA877	50000001	60000000	1723
chr6G_TA877	60000001	70000000	1999
chr6G_TA877	70000001	80000000	2127
chr6G_TA877	80000001	90000000	2338
chr6G_TA877	90000001	100000000	2575
chr6G_TA877	100000001	110000000	2174
chr6G_TA877	110000001	120000000	1919
chr6G_TA877	120000001	130000000	2178
chr6G_TA877	130000001	140000000	2290
chr6G_TA877	140000001	150000000	2465
chr6G_TA877	150000001	160000000	2520
chr6G_TA877	160000001	170000000	2594
chr6G_TA877	170000001	180000000	2286
chr6G_TA877	180000001	190000000	2737
chr6G_TA877	190000001	200000000	2670
chr6G_TA877	200000001	210000000	2191
chr6G_TA877	210000001	220000000	2661
chr6G_TA877	220000001	230000000	2715
chr6G_TA877	230000001	240000000	2462
chr6G_TA877	240000001	250000000	4070
chr6G_TA877	250000001	260000000	3281
chr6G_TA877	260000001	270000000	3435
chr6G_TA877	270000001	280000000	3106
chr6G_TA877	280000001	290000000	3256
chr6G_TA877	290000001	300000000	4513
chr6G_TA877	300000001	310000000	3254
chr6G_TA877	310000001	320000000	3155
chr6G_TA877	320000001	330000000	3174
chr6G_TA877	330000001	340000000	3008
chr6G_TA877	340000001	350000000	3599
chr6G_TA877	350000001	360000000	2615
chr6G_TA877	360000001	370000000	2799
chr6G_TA877	370000001	380000000	2747
chr6G_TA877	380000001	390000000	2667
chr6G_TA877	390000001	400000000	2593
chr6G_TA877	400000001	410000000	2320
chr6G_TA877	410000001	420000000	2674
chr6G_TA877	420000001	430000000	2612
chr6G_TA877	430000001	440000000	2368
chr6G_TA877	440000001	450000000	2330
chr6G_TA877	450000001	460000000	2287
chr6G_TA877	460000001	470000000	2311
chr6G_TA877	470000001	480000000	2318
chr6G_TA877	480000001	490000000	1603
chr6G_TA877	490000001	500000000	2503
chr6G_TA877	500000001	510000000	2370
chr6G_TA877	510000001	520000000	2212
chr6G_TA877	520000001	530000000	1738
chr6G_TA877	530000001	540000000	3802
chr6G_TA877	540000001	550000000	1806
chr6G_TA877	550000001	560000000	1926
chr6G_TA877	560000001	570000000	1821
chr6G_TA877	570000001	580000000	1282
chr6G_TA877	580000001	590000000	1172
chr6G_TA877	590000001	593054900	296
chr7G_TA877	1	10000000	1314
chr7G_TA877	10000001	20000000	1190
chr7G_TA877	20000001	30000000	1187
chr7G_TA877	30000001	40000000	1487
chr7G_TA877	40000001	50000000	1321
chr7G_TA877	50000001	60000000	1321
chr7G_TA877	60000001	70000000	1399
chr7G_TA877	70000001	80000000	1611
chr7G_TA877	80000001	90000000	1761
chr7G_TA877	90000001	100000000	1832
chr7G_TA877	100000001	110000000	1883
chr7G_TA877	110000001	120000000	1917
chr7G_TA877	120000001	130000000	1870
chr7G_TA877	130000001	140000000	1821
chr7G_TA877	140000001	150000000	1688
chr7G_TA877	150000001	160000000	2389
chr7G_TA877	160000001	170000000	1926
chr7G_TA877	170000001	180000000	1953
chr7G_TA877	180000001	190000000	2043
chr7G_TA877	190000001	200000000	1985
chr7G_TA877	200000001	210000000	2236
chr7G_TA877	210000001	220000000	2442
chr7G_TA877	220000001	230000000	2220
chr7G_TA877	230000001	240000000	1669
chr7G_TA877	240000001	250000000	2200
chr7G_TA877	250000001	260000000	2341
chr7G_TA877	260000001	270000000	2614
chr7G_TA877	270000001	280000000	2487
chr7G_TA877	280000001	290000000	2563
chr7G_TA877	290000001	300000000	2768
chr7G_TA877	300000001	310000000	2578
chr7G_TA877	310000001	320000000	2340
chr7G_TA877	320000001	330000000	2632
chr7G_TA877	330000001	340000000	2617
chr7G_TA877	340000001	350000000	2716
chr7G_TA877	350000001	360000000	3061
chr7G_TA877	360000001	370000000	3507
chr7G_TA877	370000001	380000000	1677
chr7G_TA877	380000001	390000000	3304
chr7G_TA877	390000001	400000000	3058
chr7G_TA877	400000001	410000000	2781
chr7G_TA877	410000001	420000000	2890
chr7G_TA877	420000001	430000000	2575
chr7G_TA877	430000001	440000000	2493
chr7G_TA877	440000001	450000000	2248
chr7G_TA877	450000001	460000000	2385
chr7G_TA877	460000001	470000000	2478
chr7G_TA877	470000001	480000000	2410
chr7G_TA877	480000001	490000000	2231
chr7G_TA877	490000001	500000000	2247
chr7G_TA877	500000001	510000000	2273
chr7G_TA877	510000001	520000000	2406
chr7G_TA877	520000001	530000000	2325
chr7G_TA877	530000001	540000000	2249
chr7G_TA877	540000001	550000000	2092
chr7G_TA877	550000001	560000000	2462
chr7G_TA877	560000001	570000000	1802
chr7G_TA877	570000001	580000000	1850
chr7G_TA877	580000001	590000000	2044
chr7G_TA877	590000001	600000000	1518
chr7G_TA877	600000001	610000000	1700
chr7G_TA877	610000001	620000000	1902
chr7G_TA877	620000001	630000000	1437
chr7G_TA877	630000001	640000000	1450
chr7G_TA877	640000001	650000000	1505
chr7G_TA877	650000001	660000000	1581
chr7G_TA877	660000001	670000000	1363
chr7G_TA877	670000001	680000000	1422
chr7G_TA877	680000001	690000000	1562
chr7G_TA877	690000001	700000000	1132
chr7G_TA877	700000001	710000000	1498
chr7G_TA877	710000001	715925247	757
